step,system_total_stopped,system_total_waiting_time,system_mean_waiting_time,system_mean_speed,A0_stopped,A0_accumulated_waiting_time,A0_average_speed,A1_stopped,A1_accumulated_waiting_time,A1_average_speed,B0_stopped,B0_accumulated_waiting_time,B0_average_speed,B1_stopped,B1_accumulated_waiting_time,B1_average_speed,agents_total_stopped,agents_total_accumulated_waiting_time,average_rewards
0.0,0,0.0,0.0,0.0,0,0.0,1.0,0,0.0,1.0,0,0.0,1.0,0,0.0,1.0,0,0.0,0.0
5.0,2,0.0,0.0,2.545865307800705,1,0.0,0.07292122760454481,1,0.0,0.07957705052785957,0,0.0,0.2266597963337822,0,0.0,0.47192089073909377,2,0.0,-0.25
10.0,1,0.0,0.0,7.188788540499519,0,0.0,0.49864727988557433,0,0.0,0.6164062770598178,0,0.0,0.5108829247714736,1,0.0,0.5075964945191489,1,0.0,-0.125
15.0,1,0.0,0.0,9.142851873446235,0,0.0,0.6965568082006064,0,0.0,0.6234373955449779,0,0.0,0.7733551194276611,1,0.0,0.5732057195719625,1,0.0,-0.125
20.0,7,3.0,0.061224489795918366,8.702432720977168,2,0.0,0.6685693491413984,1,0.0,0.6789462383631695,1,1.0,0.718319408567058,3,2.0,0.48107434123191556,7,3.0,-0.875
25.0,7,24.0,0.43636363636363634,9.320728579316643,0,0.0,0.6999909721249205,1,4.0,0.7096044160200751,3,8.0,0.6626225177899429,3,12.0,0.6194765994393198,7,24.0,-0.875
30.0,18,73.0,1.1967213114754098,6.912887607022442,4,6.0,0.5920408041001416,6,18.0,0.3714603699986512,3,18.0,0.384372126297315,5,31.0,0.5391162834677483,18,73.0,-2.25
35.0,26,177.0,2.4246575342465753,5.7935930630854475,4,25.0,0.5213289356687495,9,52.0,0.33356352384763577,4,36.0,0.37917634855894855,9,64.0,0.3544273700240441,26,177.0,-3.25
40.0,35,323.0,3.9390243902439024,5.720055151908179,12,62.0,0.38790667588110056,8,91.0,0.3884774138265867,5,60.0,0.4881945223323827,10,110.0,0.37603044837696464,35,323.0,-4.375
45.0,45,510.0,5.604395604395604,5.121473282051424,12,113.0,0.3178045644602073,12,142.0,0.3441823735384767,6,88.0,0.4264338635865333,15,168.0,0.33805170159155756,45,511.0,-5.625
50.0,53,735.0,7.135922330097087,4.707755253673475,13,174.0,0.3577938792674633,14,206.0,0.2671861121865058,11,122.0,0.35125138633051867,15,235.0,0.33360594786609077,53,737.0,-6.625
55.0,57,1005.0,8.893805309734514,4.45784530771555,16,250.0,0.3278180670277818,17,283.0,0.25409949118085134,9,164.0,0.40037655052744514,15,310.0,0.2838070316683653,57,1007.0,-7.125
60.0,74,1325.0,10.860655737704919,3.6799466008235076,18,335.0,0.25355431627119074,20,374.0,0.23487512668113764,14,222.0,0.29859088051993177,22,396.0,0.23247827568377696,74,1327.0,-9.25
65.0,82,1689.0,13.1953125,3.251797462165851,20,421.0,0.16934527927789605,22,480.0,0.28335470341818264,18,302.0,0.246038128910232,22,494.0,0.17983914735098658,82,1697.0,-10.25
70.0,93,2133.0,15.569343065693431,2.636112597442087,22,522.0,0.07381780719058036,26,601.0,0.14780547577197858,20,401.0,0.2948632080814931,25,613.0,0.1692323049337621,93,2137.0,-11.625
75.0,109,2644.0,17.864864864864863,2.670749843099894,24,640.0,0.13779813487458628,32,749.0,0.06736180614244351,24,509.0,0.2679317084321108,29,750.0,0.20749911313534136,109,2648.0,-13.625
80.0,115,3197.0,20.234177215189874,2.150535722671637,24,760.0,0.1638260238022422,34,912.0,0.03422981702226119,27,629.0,0.2351354784994577,30,900.0,0.15614155793529827,115,3201.0,-14.375
85.0,130,3803.0,21.731428571428573,2.1016631718141086,26,883.0,0.1355652897737637,36,1082.0,0.08706064909873054,30,767.0,0.2250632097781631,38,1075.0,0.1321300892397102,130,3807.0,-16.25
90.0,138,4455.0,24.08108108108108,2.1661741490422752,28,1012.0,0.12012110456337256,35,1257.0,0.12990021302544305,34,921.0,0.19454393908997386,40,1270.0,0.16206993192395927,137,4460.0,-17.125
95.0,141,5144.0,26.515463917525775,2.323096937859139,26,1140.0,0.1590185821973855,38,1445.0,0.152957710153667,36,1097.0,0.1688888503459371,41,1471.0,0.15559578776680005,141,5153.0,-17.625
100.0,156,5892.0,28.741463414634147,2.3432711147962135,28,1274.0,0.18730349955544387,42,1640.0,0.15448294959553802,41,1297.0,0.16710706403121978,45,1687.0,0.15168287772279737,156,5898.0,-19.5
105.0,168,6691.0,32.480582524271846,1.6657533830520206,29,1412.0,0.14672446564001518,45,1853.0,0.0865188789961593,46,1516.0,0.10519858834310296,48,1917.0,0.11903901684789568,168,6698.0,-21.0
110.0,183,7578.0,36.608695652173914,1.0727081087676587,31,1563.0,0.09646027175000871,50,2095.0,0.07575906062727386,52,1765.0,0.055045341554523966,50,2162.0,0.0583480267534651,183,7585.0,-22.875
115.0,189,8509.0,41.106280193236714,0.6558841031673053,31,1717.0,0.06953311792190316,52,2351.0,0.058179204009627256,54,2031.0,0.021248243444170884,52,2421.0,0.02117183948561715,189,8520.0,-23.625
120.0,196,9479.0,46.01456310679612,0.350779864362135,33,1876.0,0.0011245382117782492,54,2619.0,0.040297982218304204,55,2305.0,2.196957560675287e-07,54,2688.0,0.01669952871167137,196,9488.0,-24.5
125.0,199,10464.0,51.04390243902439,0.24139246116182417,32,2031.0,0.029367089149194017,57,2899.0,0.01667698855541814,55,2580.0,0.0,55,2963.0,0.01636012043024874,199,10473.0,-24.875
130.0,201,11464.0,55.921951219512195,0.13127374873352543,32,2191.0,0.027607439504290746,58,3188.0,0.0005377426787833548,55,2857.0,0.002277839953989409,56,3239.0,1.1477589400073622e-06,201,11475.0,-25.125
135.0,204,12479.0,60.87317073170732,0.06235549818116143,33,2352.0,8.493921061088509e-05,59,3483.0,0.0,56,3136.0,8.616596663264157e-07,56,3519.0,0.0,204,12490.0,-25.5
140.0,204,13499.0,65.84878048780487,0.06609458708240881,33,2517.0,0.0,59,3778.0,0.0,56,3416.0,0.0,56,3799.0,0.0,204,13510.0,-25.5
145.0,204,14519.0,70.82439024390244,0.06088648330184225,33,2682.0,0.0,59,4073.0,0.0,56,3696.0,0.0,56,4079.0,0.0,204,14530.0,-25.5
150.0,204,15539.0,76.17156862745098,0.0,33,2847.0,0.0,59,4368.0,0.0,56,3976.0,0.0,56,4359.0,0.0,204,15550.0,-25.5
155.0,198,15922.0,78.04901960784314,0.10073215341657292,33,3012.0,0.0,59,4663.0,0.0,56,4256.0,0.0,50,4387.0,0.013041532156332383,198,16318.0,-24.75
160.0,190,16311.0,79.95588235294117,0.3985603207332854,33,3177.0,0.0,59,4960.0,0.030672678971524,56,4538.0,0.011058648173713536,42,4225.0,0.039400635990499006,190,16900.0,-23.75
165.0,192,17115.0,83.8970588235294,0.26635891899842384,33,3342.0,0.0,60,5256.0,0.014610165997138562,57,4822.0,0.030926266559716357,42,4431.0,0.0250837311103384,192,17851.0,-24.0
170.0,199,18095.0,88.70098039215686,0.03133047753079018,33,3507.0,0.0,62,5562.0,2.552411608751697e-05,58,5109.0,0.0008820871251936739,46,4653.0,0.008429104754266177,199,18831.0,-24.875
175.0,203,19104.0,93.6470588235294,0.0012112964843038335,33,3672.0,0.0,62,5872.0,2.6745356971355994e-07,59,5403.0,0.0,49,4893.0,0.00037086371515195803,203,19840.0,-25.375
180.0,204,20124.0,98.6470588235294,4.032087001382838e-05,33,3837.0,0.0,62,6182.0,0.0,59,5698.0,0.0,50,5143.0,1.2393975817684697e-05,204,20860.0,-25.5
185.0,204,21144.0,103.6470588235294,0.0,33,4002.0,0.0,62,6492.0,0.0,59,5993.0,0.0,50,5393.0,0.0,204,21880.0,-25.5
190.0,204,22164.0,108.6470588235294,0.0,33,4167.0,0.0,62,6802.0,0.0,59,6288.0,0.0,50,5643.0,0.0,204,22900.0,-25.5
195.0,204,23184.0,113.6470588235294,0.0,33,4332.0,0.0,62,7112.0,0.0,59,6583.0,0.0,50,5893.0,0.0,204,23920.0,-25.5
200.0,204,24204.0,118.6470588235294,0.0,33,4497.0,0.0,62,7422.0,0.0,59,6878.0,0.0,50,6143.0,0.0,204,24940.0,-25.5
205.0,204,25224.0,123.6470588235294,0.0,33,4662.0,0.0,62,7732.0,0.0,59,7173.0,0.0,50,6393.0,0.0,204,25960.0,-25.5
210.0,204,26244.0,128.64705882352942,0.0,33,4827.0,0.0,62,8042.0,0.0,59,7468.0,0.0,50,6643.0,0.0,204,26980.0,-25.5
215.0,198,26295.0,128.89705882352942,0.11034538514643726,33,4994.0,0.01258530141193753,62,8352.0,0.0,53,7406.0,0.013199244154659038,50,6893.0,0.0,198,27645.0,-24.75
220.0,191,26263.0,129.3743842364532,0.4180678009614479,33,5159.0,0.05784960924792288,62,8662.0,0.0,46,6921.0,0.03641514150727831,50,7143.0,0.0,191,27885.0,-23.875
225.0,188,26635.0,131.20689655172413,0.45440231663069136,33,5324.0,0.07444512008457983,62,8972.0,0.0,43,7091.0,0.02408164792016186,50,7393.0,0.0,188,28780.0,-23.5
230.0,190,27164.0,134.47524752475246,0.2682310586983947,33,5487.0,0.012032736458175939,62,9282.0,0.0,45,7313.0,0.015160026319502157,50,7643.0,0.0,190,29725.0,-23.75
235.0,187,26776.0,132.55445544554456,0.3280347685761263,35,5660.0,4.2879934300204494e-06,62,9592.0,0.0,46,7538.0,0.013594623901252871,44,7485.0,0.011967848502583011,187,30275.0,-23.375
240.0,182,26294.0,131.47,0.4904336066489661,35,5835.0,0.0,62,9902.0,0.0,49,7779.0,0.021061376768094525,36,6945.0,0.04738765298095526,182,30461.0,-22.75
245.0,184,26514.0,133.23618090452263,0.4233083236981532,35,6010.0,0.0,62,10212.0,0.0,52,8033.0,0.012670681768465359,35,6970.0,0.030700181889293916,184,31225.0,-23.0
250.0,184,26793.0,134.63819095477388,0.40600081609755634,35,6185.0,0.0,62,10522.0,0.0,54,8303.0,0.009208361934897063,33,7140.0,0.03154881525925386,184,32150.0,-23.0
255.0,181,27089.0,136.12562814070353,0.45531844089734796,35,6360.0,0.0,59,10533.0,0.0042473178522717024,55,8578.0,0.007163153065121196,32,6935.0,0.041924558113440105,181,32406.0,-22.625
260.0,179,27963.0,141.94416243654823,0.5981302432558533,35,6537.0,0.043139065713041026,59,10690.0,0.0,55,8853.0,0.0361082361689007,30,6548.0,0.0395709445994295,179,32628.0,-22.375
265.0,173,27660.0,141.12244897959184,0.5750852500415804,35,6712.0,0.04316074277511681,59,10985.0,0.0,49,8714.0,0.03993800943875655,30,6697.0,0.03406734194586843,173,33108.0,-21.625
270.0,171,27254.0,139.76410256410256,0.6633982861174555,35,6885.0,0.014519384300664255,59,11280.0,0.0,45,8173.0,0.043153293049365896,32,6853.0,0.0602186619449489,171,33191.0,-21.375
275.0,172,27256.0,141.95833333333334,0.416656394023544,35,7060.0,0.0,59,11575.0,0.0,42,8063.0,0.04093721377140439,36,7024.0,0.020798579578083915,172,33722.0,-21.5
280.0,177,27819.0,145.64921465968587,0.3664863531216502,35,7235.0,0.0,59,11870.0,0.0,43,8273.0,0.04392057126177965,40,7216.0,0.02049638560044025,177,34594.0,-22.125
285.0,177,27335.0,143.8684210526316,0.2795503478199855,35,7410.0,0.0,59,12165.0,0.0,46,8498.0,0.014075930713712563,37,6925.0,0.013266816862149302,177,34998.0,-22.125
290.0,176,26981.0,145.05913978494624,0.19042932168462232,35,7585.0,0.0,60,12463.0,9.722671527720768e-05,49,8738.0,0.0009043867614875012,32,6476.0,0.021302021829861323,176,35262.0,-22.0
295.0,177,27129.0,146.64324324324323,0.1775539402093365,35,7760.0,0.0,60,12763.0,6.127236272592458e-07,51,8992.0,4.293096596132586e-05,31,6631.0,0.011087370171203934,177,36146.0,-22.125
300.0,177,27967.0,151.17297297297299,0.17420597034518154,35,7935.0,0.0,60,13063.0,0.0,51,9247.0,1.9545285725461808e-07,31,6783.0,0.009209302464281938,177,37028.0,-22.125
305.0,181,28865.0,156.02702702702703,0.1538185891198624,35,8110.0,0.0,60,13363.0,0.0,51,9502.0,0.0,35,6951.0,0.0019379719689613286,181,37926.0,-22.625
310.0,177,28275.0,154.50819672131146,0.09906237027189797,35,8285.0,0.0,54,13084.0,0.00951428087595118,51,9757.0,0.0,37,7136.0,0.010059993699786987,177,38262.0,-22.125
315.0,173,28107.0,153.59016393442624,0.3730473318696774,35,8460.0,0.0,50,12416.0,0.02221999990720583,51,10012.0,0.0,37,7321.0,0.027102903295244805,173,38209.0,-21.625
320.0,171,27731.0,151.53551912568307,0.39403660300825516,35,8635.0,0.0,47,12655.0,0.025393096064133938,51,10267.0,0.0,38,7510.0,0.025399388084177632,171,39067.0,-21.375
325.0,161,25608.0,139.9344262295082,0.4926573437097777,35,8810.0,0.0,45,12883.0,0.02582817490688105,45,9952.0,0.010012717146787226,36,7463.0,0.012970824775303627,161,39108.0,-20.125
330.0,160,24987.0,137.2912087912088,0.8957751951141008,35,8987.0,0.026520087715794907,48,13114.0,0.03205455884462935,40,9122.0,0.032757779013906176,37,7241.0,0.06491004950055122,160,38464.0,-20.0
335.0,160,24812.0,137.84444444444443,0.608328343803784,35,9162.0,0.034406206432396585,48,13075.0,0.012662456505966854,39,9315.0,0.027002113403749656,38,7430.0,0.0752197582578128,160,38982.0,-20.0
340.0,157,23542.0,131.5195530726257,0.5447943803883396,30,8713.0,0.024339271140162634,48,12767.0,0.021794709743980428,40,9512.0,0.01509053560638916,39,7622.0,0.05182424679267342,157,38614.0,-19.625
345.0,150,21235.0,119.29775280898876,0.7489357438377445,23,7364.0,0.06226094236042832,41,12454.0,0.03907044230909368,44,9722.0,0.0011795719960318752,42,7826.0,0.03510572407304529,150,37366.0,-18.75
350.0,147,20335.0,114.24157303370787,1.248909203366404,21,6422.0,0.10016471964480522,38,12030.0,0.09519504320187855,45,9946.0,0.05719596533658256,43,8041.0,0.055743667144693025,147,36439.0,-18.375
355.0,141,19426.0,109.13483146067416,1.4768315117454063,21,5995.0,0.09983091663968235,37,11637.0,0.11730254260671281,45,10173.0,0.06761065848888671,38,7928.0,0.07939992156476408,141,35733.0,-17.625
360.0,146,19787.0,113.7183908045977,1.013173784424109,22,5626.0,0.0001189218675387048,42,10986.0,0.06183495469147979,47,10402.0,0.05531585468519051,35,7552.0,0.08183475762439425,146,34566.0,-18.25
365.0,153,20102.0,116.19653179190752,0.5153382794024786,22,5736.0,5.687891735537462e-07,47,10661.0,0.025007576163701403,52,10648.0,0.011148224755068561,32,7713.0,0.06821034727285102,153,34758.0,-19.125
370.0,161,20702.0,119.66473988439306,0.2695860034577003,22,5846.0,0.033055023474535906,47,10399.0,1.007700816267352e-05,53,10910.0,2.6025461318440732e-05,39,7891.0,0.03482588113719234,161,35046.0,-20.125
375.0,166,21487.0,124.20231213872832,0.18707988696482145,22,5956.0,0.04081563632033644,47,10634.0,1.6614813861277004e-07,53,11175.0,0.0,44,8100.0,0.007037122490424762,166,35865.0,-20.75
380.0,168,22262.0,129.43023255813952,0.05653251875410635,22,6066.0,0.009743777828713917,47,10869.0,1.6531451938102395e-07,53,11440.0,0.0,46,8318.0,0.009554877517847395,168,36693.0,-21.0
385.0,169,22535.0,131.0174418604651,0.045591756691615845,20,5926.0,0.010470729435182959,47,11104.0,1.6970364815319995e-07,53,11705.0,0.0,49,8557.0,1.7888582167146256e-05,169,37292.0,-21.125
390.0,161,23104.0,134.32558139534885,0.27778346356834477,19,5716.0,0.021518170393994042,47,11341.0,0.015305145230876973,53,11970.0,0.0,42,8737.0,0.02783010956383165,161,37764.0,-20.125
395.0,160,23749.0,138.8830409356725,0.3037125000724377,19,5761.0,0.0,49,11581.0,0.017124749672907367,53,12235.0,0.0,39,8847.0,0.0185674940486992,160,38424.0,-20.0
400.0,165,24528.0,143.43859649122808,0.21352493157598074,19,5856.0,0.0,51,11832.0,2.2058821269116517e-05,53,12500.0,0.0,42,9051.0,0.011019647866745438,165,39239.0,-20.625
405.0,169,25349.0,148.23976608187135,0.16611996735458245,19,5951.0,0.0,51,12087.0,0.0,53,12765.0,0.0,46,9269.0,0.0001440282634614085,169,40072.0,-21.125
410.0,164,26146.0,153.8,0.12903847543942804,19,6046.0,0.0,51,12342.0,0.0,53,13030.0,0.0,41,9487.0,0.010252501214959225,164,40905.0,-20.5
415.0,168,26979.0,159.63905325443787,0.0013364872561315974,19,6141.0,0.0,51,12597.0,0.0,53,13295.0,0.0,45,9706.0,0.00034333753169553486,168,41739.0,-21.0
420.0,167,27804.0,164.5207100591716,0.007643120182251989,19,6236.0,0.0,51,12852.0,0.0,53,13560.0,0.0,44,9924.0,0.0021279363448027753,167,42572.0,-20.875
425.0,167,28584.0,169.1360946745562,0.013105750609200923,19,6331.0,0.0,51,13107.0,0.0,53,13825.0,0.0,44,10102.0,0.0036269417174287356,167,43365.0,-20.875
430.0,168,29369.0,173.7810650887574,0.001589422170195592,19,6426.0,0.0,51,13362.0,0.0,53,14090.0,0.0,45,10320.0,0.0004408207291887205,168,44198.0,-21.0
435.0,163,27875.0,164.94082840236686,0.12999129566678727,19,6521.0,0.0,45,12820.0,0.014685055604670089,53,14355.0,0.0,46,10550.0,2.6355459286211565e-06,163,44246.0,-20.375
440.0,151,25066.0,148.31952662721895,0.6163448577119213,17,6476.0,0.08557779873604768,35,11473.0,0.05095036792177498,53,14620.0,0.0,46,10780.0,0.0,151,43349.0,-18.875
445.0,145,23306.0,139.5568862275449,0.8721507808265335,17,6561.0,0.132027612294634,28,10649.0,0.0802065098899451,54,14889.0,6.30935130518479e-05,46,11010.0,0.0,145,43109.0,-18.125
450.0,145,22849.0,136.82035928143713,0.7236857421089223,17,6646.0,0.05387222881399193,28,10787.0,0.06716068697776778,54,15159.0,0.0,46,11240.0,0.0,145,43832.0,-18.125
455.0,152,23592.0,141.2694610778443,0.5361724986319806,19,6738.0,2.1994598371889215e-05,33,10938.0,0.024060515819368754,54,15429.0,0.0,46,11470.0,0.0,152,44575.0,-19.0
460.0,159,24374.0,149.53374233128835,0.1746528254040888,19,6833.0,0.0,40,11125.0,0.0032337380667973627,54,15699.0,0.0,46,11700.0,0.0,159,45357.0,-19.875
465.0,158,24276.0,149.85185185185185,0.1510070005531018,19,6928.0,0.0,42,11331.0,5.535000592365662e-05,54,15969.0,0.0,43,11530.0,0.00849569057675029,158,45758.0,-19.75
470.0,153,23575.0,145.52469135802468,0.3135052439980686,19,7023.0,0.0,42,11543.0,0.0012364893286014396,54,16239.0,0.013802922352116394,38,10954.0,0.028153285453023914,153,45759.0,-19.125
475.0,155,24345.0,151.2111801242236,0.21781256754330983,19,7118.0,0.0,43,11757.0,0.0005105940041062558,54,16509.0,0.02566836983183845,39,10771.0,0.0232035138760326,155,46155.0,-19.375
480.0,160,25136.0,156.12422360248448,0.0027518139187659467,19,7213.0,0.0,44,11977.0,0.0,55,16782.0,0.00035232352372204705,42,10974.0,0.0001653332618718433,160,46946.0,-20.0
485.0,161,25940.0,161.11801242236024,1.0304986759261947e-05,19,7308.0,0.0,44,12197.0,0.0,56,17061.0,4.178218110949354e-07,42,11184.0,2.2229214367007764e-06,161,47750.0,-20.125
490.0,161,26745.0,166.11801242236024,0.0,19,7403.0,0.0,44,12417.0,0.0,56,17341.0,0.0,42,11394.0,0.0,161,48555.0,-20.125
495.0,155,27268.0,169.3664596273292,0.11342565378501976,19,7498.0,0.0,38,11827.0,0.013222153542643764,56,17621.0,0.0,42,11604.0,0.0,155,48550.0,-19.375
500.0,148,27713.0,173.20625,0.5645275911781125,19,7595.0,0.0845647001019625,31,10500.0,0.06219557020709809,56,17901.0,0.0,42,11814.0,0.0,148,47810.0,-18.5
505.0,143,28211.0,178.5506329113924,0.6970981343227399,19,7690.0,0.1323747832679008,26,9204.0,0.06578172601748593,56,18181.0,0.0,42,12024.0,0.0,143,47099.0,-17.875
510.0,139,28756.0,182.0,0.9345475752715706,19,7783.0,0.14277004568225307,22,8141.0,0.09739280294582363,56,18461.0,0.0,42,12234.0,0.0,139,46619.0,-17.375
515.0,139,29451.0,188.78846153846155,0.9205752256283637,19,7878.0,0.14370378877766257,22,7473.0,0.12412779258455044,56,18741.0,0.0,42,12444.0,0.0,139,46536.0,-17.375
520.0,141,30149.0,194.50967741935483,0.5768473452473278,20,7975.0,0.08565916985717761,23,7584.0,0.049218703951489876,56,19021.0,0.0,42,12654.0,0.0,141,47234.0,-17.625
525.0,141,29070.0,190.0,0.36307403503837826,23,8085.0,0.029692701941461563,26,7706.0,0.003074742611913153,50,18407.0,0.014541233694810508,42,12864.0,0.0,141,47062.0,-17.625
530.0,131,26345.0,174.47019867549668,0.7614777543852272,25,8206.0,0.07659858063818567,24,7216.0,0.012042299994281897,40,16948.0,0.04448854614978563,42,13076.0,0.009292236219596201,131,45446.0,-16.375
535.0,117,23847.0,158.98,1.4396156484016094,25,8331.0,0.1301771667389884,16,6695.0,0.04465339812291396,33,15834.0,0.09399320652193775,43,13288.0,0.026630040604868607,117,44148.0,-14.625
540.0,107,22579.0,151.53691275167785,1.6286189029419897,25,8454.0,0.10866274459626019,11,6360.0,0.050164228449828145,29,14398.0,0.10735297087463175,42,13099.0,0.010528265657529751,107,42311.0,-13.375
545.0,108,22397.0,152.36054421768708,1.7067685426265262,28,8588.0,0.1555642890038177,6,5592.0,0.08859237523365623,29,13562.0,0.08668341274686786,45,13314.0,0.00013611003556228431,108,41056.0,-13.5
550.0,111,22792.0,157.18620689655174,1.4406744201908794,29,8730.0,0.13982452195094078,8,5347.0,0.05669357615362778,29,12846.0,0.07031836336631594,45,13539.0,6.803944903969141e-07,111,40462.0,-13.875
555.0,119,23371.0,164.58450704225353,0.9431216634802531,34,8892.0,0.11249611818589092,11,5344.0,0.019952329134426915,29,12202.0,0.046037413295746045,45,13764.0,0.0,119,40202.0,-14.875
560.0,125,23985.0,170.10638297872342,0.6370876245684685,36,9070.0,0.0914976165333583,15,5410.0,0.007785611446795846,29,11764.0,0.01800313646904372,45,13989.0,0.0,125,40233.0,-15.625
565.0,129,24617.0,175.8357142857143,0.5697041707585094,37,9253.0,0.08740496055981482,18,5492.0,0.00031099984660592746,29,11553.0,0.0,45,14214.0,0.0,129,40512.0,-16.125
570.0,132,25273.0,183.13768115942028,0.34711845973046573,40,9449.0,0.055687949326682425,18,5582.0,1.803059678099433e-05,29,11698.0,0.0,45,14439.0,0.0,132,41168.0,-16.5
575.0,136,25945.0,189.37956204379563,0.08379288113925591,44,9659.0,9.198252631703949e-05,18,5672.0,0.0,29,11843.0,0.0,45,14664.0,0.0,136,41838.0,-17.0
580.0,136,26625.0,194.34306569343065,0.0802048966289111,44,9879.0,0.0,18,5762.0,0.0,29,11988.0,0.0,45,14889.0,0.0,136,42518.0,-17.0
585.0,136,27305.0,199.3065693430657,0.08507199965602977,44,10099.0,0.0,18,5852.0,0.0,29,12133.0,0.0,45,15114.0,0.0,136,43198.0,-17.0
590.0,136,27985.0,205.77205882352942,0.0,44,10319.0,0.0,18,5942.0,0.0,29,12278.0,0.0,45,15339.0,0.0,136,43878.0,-17.0
595.0,136,28665.0,210.77205882352942,0.0,44,10539.0,0.0,18,6032.0,0.0,29,12423.0,0.0,45,15564.0,0.0,136,44558.0,-17.0
600.0,136,29345.0,215.77205882352942,0.0,44,10759.0,0.0,18,6122.0,0.0,29,12568.0,0.0,45,15789.0,0.0,136,45238.0,-17.0
605.0,136,30025.0,220.77205882352942,0.0,44,10979.0,0.0,18,6212.0,0.0,29,12713.0,0.0,45,16014.0,0.0,136,45918.0,-17.0
610.0,133,29742.0,218.69117647058823,0.09602534303421863,44,11199.0,0.0,18,6302.0,0.0,29,12353.0,0.0,42,15679.0,0.009143255008908937,133,45533.0,-16.625
615.0,123,27177.0,199.8308823529412,0.43094359744677163,44,11419.0,0.0,18,6394.0,0.09156185853158039,24,12479.0,0.016583479964925377,37,14792.0,0.02655059598756721,123,45084.0,-15.375
620.0,123,26536.0,195.11764705882354,0.43259381034343797,44,11639.0,0.0,18,6484.0,0.13391108111844705,27,12609.0,0.002129035182325242,34,14966.0,0.032143517760568265,123,45698.0,-15.375
625.0,126,26560.0,195.2941176470588,0.34726175258416214,44,11859.0,0.016815839467828653,18,6572.0,0.03713532296760337,29,12753.0,3.8333076430496735e-06,35,15137.0,0.030399345650100457,126,46321.0,-15.75
630.0,125,24257.0,178.36029411764707,0.22379019688894317,39,10888.0,0.027334134505791714,18,6662.0,0.0,29,12898.0,0.0,39,15324.0,0.005201207241277463,125,45772.0,-15.625
635.0,126,21950.0,161.39705882352942,0.37661553386371716,37,9325.0,0.015511630910606321,18,6756.0,0.08846883302892092,29,13043.0,0.019249778682155452,42,15528.0,0.00018588870985071694,126,44652.0,-15.75
640.0,121,20024.0,147.23529411764707,0.3752176423615263,31,9402.0,0.03835014788813742,19,6850.0,0.032117192110331455,29,13188.0,0.032349441921790185,42,15738.0,4.760376880499698e-06,121,45178.0,-15.125
645.0,121,18779.0,138.0808823529412,0.5088200349645468,28,9366.0,0.06221475933694419,22,6956.0,5.220753826303505e-06,29,13333.0,0.0002842385391227485,42,15948.0,0.0,121,45603.0,-15.125
650.0,119,18556.0,137.45185185185184,0.5952312438501985,29,9267.0,0.03849972257141912,22,7066.0,0.0,30,13482.0,0.0,38,15522.0,0.001957238624622913,119,45337.0,-14.875
655.0,122,18833.0,139.5037037037037,0.6941988553939247,32,9418.0,0.011088025263220742,22,7181.0,0.0792072694610685,30,13632.0,0.0,38,15194.0,0.01018318475248682,122,45425.0,-15.25
660.0,127,19457.0,145.20149253731344,0.5896022793015577,36,9589.0,0.0004645394749718744,22,7291.0,0.07994291677745802,30,13782.0,0.030862923029208594,39,15387.0,0.0,127,46049.0,-15.875
665.0,128,20097.0,151.10526315789474,0.45534261951757127,37,9774.0,0.019671573404481977,22,7399.0,0.03933013469980597,30,13932.0,0.030020618644857437,39,15582.0,0.0,128,46687.0,-16.0
670.0,128,20737.0,159.51538461538462,0.12935878651321397,37,9959.0,0.034081524323957404,22,7506.0,0.0,30,14082.0,0.0,39,15777.0,0.0,128,47324.0,-16.0
675.0,128,21377.0,164.43846153846152,0.12169444448240009,37,10145.0,0.03095090656839103,22,7616.0,0.0,30,14232.0,0.0,39,15972.0,0.0,128,47965.0,-16.0
680.0,128,22017.0,169.36153846153846,0.08627090168836864,37,10330.0,0.02443808773808562,22,7726.0,0.0,30,14382.0,0.0,39,16167.0,0.0,128,48605.0,-16.0
685.0,129,22662.0,174.3230769230769,0.032186915358618395,38,10520.0,0.00913533755710108,22,7836.0,0.0,30,14532.0,0.0,39,16362.0,0.0,129,49250.0,-16.125
690.0,130,23312.0,179.3230769230769,0.0,39,10715.0,0.0,22,7946.0,0.0,30,14682.0,0.0,39,16557.0,0.0,130,49900.0,-16.25
695.0,130,23962.0,184.3230769230769,0.0,39,10910.0,0.0,22,8056.0,0.0,30,14832.0,0.0,39,16752.0,0.0,130,50550.0,-16.25
700.0,130,24612.0,189.3230769230769,0.0,39,11105.0,0.0,22,8166.0,0.0,30,14982.0,0.0,39,16947.0,0.0,130,51200.0,-16.25
705.0,130,25262.0,194.3230769230769,0.0,39,11300.0,0.0,22,8276.0,0.0,30,15132.0,0.0,39,17142.0,0.0,130,51850.0,-16.25
710.0,130,25912.0,199.3230769230769,0.0,39,11495.0,0.0,22,8386.0,0.0,30,15282.0,0.0,39,17337.0,0.0,130,52500.0,-16.25
715.0,130,26562.0,204.3230769230769,0.0,39,11690.0,0.0,22,8496.0,0.0,30,15432.0,0.0,39,17532.0,0.0,130,53150.0,-16.25
720.0,123,25422.0,195.55384615384617,0.2218031173506971,37,11743.0,0.006992010869168226,22,8606.0,0.0,25,14324.0,0.01982348842719184,39,17727.0,0.0,123,52400.0,-15.375
725.0,118,25503.0,197.69767441860466,0.5280928800388368,37,11860.0,0.0,22,8716.0,0.0,20,13688.0,0.036665176854482034,39,17926.0,0.06053434986366602,118,52190.0,-14.75
730.0,119,26095.0,202.28682170542635,0.512264730955962,37,12046.0,0.04623168833370926,22,8826.0,0.0,20,13155.0,0.03411367656435612,40,18123.0,0.022903500308729896,119,52150.0,-14.875
735.0,125,26708.0,207.03875968992247,0.17888535273043266,38,12232.0,0.01507274057027066,22,8936.0,0.0,23,13266.0,0.002758714177097782,42,18329.0,9.772405735618889e-06,125,52763.0,-15.625
740.0,127,27342.0,213.609375,0.04302179307235388,38,12421.0,0.0,22,9046.0,0.0,25,13390.0,4.959322111339562e-06,42,18539.0,0.0,127,53396.0,-15.875
745.0,127,27977.0,218.5703125,0.11073244177298801,38,12611.0,0.0,22,9156.0,0.0,25,13515.0,0.0,42,18749.0,0.0,127,54031.0,-15.875
750.0,127,28612.0,223.53125,0.10948726785048092,38,12801.0,0.0,22,9266.0,0.0,25,13640.0,0.0,42,18959.0,0.0,127,54666.0,-15.875
755.0,127,29247.0,228.4921875,0.11235797428765107,38,12991.0,0.0,22,9376.0,0.0,25,13765.0,0.0,42,19169.0,0.0,127,55301.0,-15.875
760.0,124,29526.0,232.48818897637796,0.08724248875518585,35,12463.0,0.009930426837593712,22,9486.0,0.0,25,13892.0,0.01303382521003368,42,19379.0,0.0,124,55220.0,-15.5
765.0,119,29554.0,232.70866141732284,0.36677522312469835,30,11212.0,0.03145554699891127,22,9596.0,0.0,25,14017.0,0.07063819751768399,42,19589.0,0.0,119,54414.0,-14.875
770.0,114,29569.0,232.82677165354332,0.4986263037722276,26,10649.0,0.043977605355841345,22,9706.0,0.0,25,14142.0,0.09021387133214437,41,19181.0,0.0,114,53678.0,-14.25
775.0,116,30024.0,236.40944881889763,0.3299673858767074,29,10789.0,0.029476861888532956,22,9816.0,0.0,24,13616.0,0.056403672118169684,41,19386.0,0.0,116,53607.0,-14.5
780.0,119,30528.0,240.3779527559055,0.4412704144930541,32,10946.0,0.049986548683635564,22,9926.0,0.0,24,12438.0,0.06433357049303984,41,19591.0,0.0,119,52901.0,-14.875
785.0,123,31131.0,247.07142857142858,0.3056079363519009,34,11112.0,0.07775150126479657,22,10036.0,0.0,26,12559.0,0.0001421494176221215,41,19796.0,0.0,123,53503.0,-15.375
790.0,123,31746.0,253.968,0.11884394685754901,34,11280.0,0.03125781300374717,22,10146.0,0.0,26,12689.0,1.43459392991844e-06,41,20001.0,0.0,123,54116.0,-15.375
795.0,125,32366.0,258.928,5.369861538635964e-05,36,11455.0,1.4038464714696815e-05,22,10256.0,0.0,26,12819.0,0.0,41,20206.0,0.0,125,54736.0,-15.625
800.0,125,32991.0,263.928,0.0,36,11635.0,0.0,22,10366.0,0.0,26,12949.0,0.0,41,20411.0,0.0,125,55361.0,-15.625
805.0,123,33572.0,268.576,0.08010328072196865,36,11815.0,0.0,22,10476.0,0.0,24,12416.0,0.00880723079507824,41,20616.0,0.0,123,55323.0,-15.375
810.0,123,34187.0,273.496,0.16231750066463224,36,11997.0,0.03632139710937702,22,10586.0,0.0,24,11883.0,0.0,41,20821.0,0.0,123,55287.0,-15.375
815.0,124,34805.0,278.44,0.11548880561815898,37,12180.0,0.026050195274826358,22,10696.0,0.0,24,12003.0,0.0,41,21026.0,0.0,124,55905.0,-15.5
820.0,122,35370.0,282.96,0.06443280444887649,35,12334.0,0.005531674734926233,22,10806.0,0.0,24,12123.0,0.0,41,21231.0,0.0,122,56494.0,-15.25
825.0,122,35980.0,287.84,0.24328384010453685,35,12485.0,0.0,22,10916.0,0.0,24,12243.0,0.0,41,21436.0,0.0,122,57080.0,-15.25
830.0,122,36590.0,292.72,0.3009942433160159,35,12660.0,0.0,22,11026.0,0.0,24,12363.0,0.0,41,21641.0,0.0,122,57690.0,-15.25
835.0,122,37200.0,297.6,0.2956788751229449,35,12835.0,0.0,22,11136.0,0.0,24,12483.0,0.0,41,21846.0,0.0,122,58300.0,-15.25
840.0,122,37810.0,302.48,0.3032353109346819,35,13010.0,0.0,22,11246.0,0.0,24,12603.0,0.0,41,22051.0,0.0,122,58910.0,-15.25
845.0,122,38420.0,314.91803278688525,0.0,35,13185.0,0.0,22,11356.0,0.0,24,12723.0,0.0,41,22256.0,0.0,122,59520.0,-15.25
850.0,122,39030.0,319.91803278688525,0.0,35,13360.0,0.0,22,11466.0,0.0,24,12843.0,0.0,41,22461.0,0.0,122,60130.0,-15.25
855.0,122,39640.0,324.91803278688525,0.0,35,13535.0,0.0,22,11576.0,0.0,24,12963.0,0.0,41,22666.0,0.0,122,60740.0,-15.25
860.0,122,40250.0,329.91803278688525,0.0,35,13710.0,0.0,22,11686.0,0.0,24,13083.0,0.0,41,22871.0,0.0,122,61350.0,-15.25
865.0,122,40860.0,334.91803278688525,0.0,35,13885.0,0.0,22,11796.0,0.0,24,13203.0,0.0,41,23076.0,0.0,122,61960.0,-15.25
870.0,122,41470.0,339.91803278688525,0.0,35,14060.0,0.0,22,11906.0,0.0,24,13323.0,0.0,41,23281.0,0.0,122,62570.0,-15.25
875.0,122,42080.0,344.91803278688525,0.0,35,14235.0,0.0,22,12016.0,0.0,24,13443.0,0.0,41,23486.0,0.0,122,63180.0,-15.25
880.0,118,41764.0,342.327868852459,0.1261831103497308,35,14410.0,0.0,22,12126.0,0.0,24,13563.0,0.0,37,22746.0,0.005614660211499143,118,62845.0,-14.75
885.0,113,41060.0,336.55737704918033,0.4855676172058804,35,14585.0,0.0,22,12238.0,0.07213480781398185,24,13683.0,0.0,32,21359.0,0.03246396857484644,113,61865.0,-14.125
890.0,110,40692.0,333.5409836065574,0.5789982147053212,35,14760.0,0.0,22,12348.0,0.11059680931786735,24,13803.0,0.0,29,21511.0,0.035709932401847215,110,62422.0,-13.75
895.0,112,41088.0,336.78688524590166,0.4287502707855017,35,14935.0,0.01055022823157478,22,12456.0,0.03927398087969699,24,13923.0,0.0,31,21662.0,0.030263226950836886,112,62976.0,-14.0
900.0,117,41663.0,341.5,0.22563777258671,36,15113.0,0.010926071673945194,22,12566.0,0.0,24,14043.0,0.0,35,21829.0,0.003742719601618812,117,63551.0,-14.625
905.0,120,42254.0,349.20661157024796,0.12923751866099728,37,15294.0,0.026346142025292243,22,12676.0,0.0,24,14163.0,0.0,37,22010.0,4.5757697284296494e-05,120,64143.0,-15.0
910.0,120,42849.0,354.12396694214874,0.0632624295299883,37,15475.0,0.01647389868571898,22,12786.0,0.0,24,14283.0,0.0,37,22195.0,0.0,120,64739.0,-15.0
915.0,120,43449.0,359.08264462809916,0.09483625278356955,37,15660.0,0.024747546429711557,22,12896.0,0.0,24,14403.0,0.0,37,22380.0,0.0,120,65339.0,-15.0
920.0,121,44050.0,364.0495867768595,0.00022355821678705324,38,15846.0,5.833757858724289e-05,22,13006.0,0.0,24,14523.0,0.0,37,22565.0,0.0,121,65940.0,-15.125
925.0,121,44655.0,369.0495867768595,0.0,38,16036.0,0.0,22,13116.0,0.0,24,14643.0,0.0,37,22750.0,0.0,121,66545.0,-15.125
930.0,121,45260.0,374.0495867768595,0.0,38,16226.0,0.0,22,13226.0,0.0,24,14763.0,0.0,37,22935.0,0.0,121,67150.0,-15.125
935.0,121,45865.0,379.0495867768595,0.0,38,16416.0,0.0,22,13336.0,0.0,24,14883.0,0.0,37,23120.0,0.0,121,67755.0,-15.125
940.0,121,46470.0,384.0495867768595,0.0,38,16606.0,0.0,22,13446.0,0.0,24,15003.0,0.0,37,23305.0,0.0,121,68360.0,-15.125
945.0,121,47075.0,389.0495867768595,0.0,38,16796.0,0.0,22,13556.0,0.0,24,15123.0,0.0,37,23490.0,0.0,121,68965.0,-15.125
950.0,121,47680.0,394.0495867768595,0.0,38,16986.0,0.0,22,13666.0,0.0,24,15243.0,0.0,37,23675.0,0.0,121,69570.0,-15.125
955.0,121,48285.0,399.0495867768595,0.0,38,17176.0,0.0,22,13776.0,0.0,24,15363.0,0.0,37,23860.0,0.0,121,70175.0,-15.125
960.0,121,48890.0,404.0495867768595,0.0,38,17366.0,0.0,22,13886.0,0.0,24,15483.0,0.0,37,24045.0,0.0,121,70780.0,-15.125
965.0,121,49495.0,409.0495867768595,0.0,38,17556.0,0.0,22,13996.0,0.0,24,15603.0,0.0,37,24230.0,0.0,121,71385.0,-15.125
970.0,121,50100.0,414.0495867768595,0.0,38,17746.0,0.0,22,14106.0,0.0,24,15723.0,0.0,37,24415.0,0.0,121,71990.0,-15.125
975.0,121,50705.0,419.0495867768595,0.0,38,17936.0,0.0,22,14216.0,0.0,24,15843.0,0.0,37,24600.0,0.0,121,72595.0,-15.125
980.0,121,51310.0,424.0495867768595,0.0,38,18126.0,0.0,22,14326.0,0.0,24,15963.0,0.0,37,24785.0,0.0,121,73200.0,-15.125
985.0,121,51915.0,429.0495867768595,0.0,38,18316.0,0.0,22,14436.0,0.0,24,16083.0,0.0,37,24970.0,0.0,121,73805.0,-15.125
990.0,121,52520.0,434.0495867768595,0.0,38,18506.0,0.0,22,14546.0,0.0,24,16203.0,0.0,37,25155.0,0.0,121,74410.0,-15.125
995.0,121,53125.0,439.0495867768595,0.0,38,18696.0,0.0,22,14656.0,0.0,24,16323.0,0.0,37,25340.0,0.0,121,75015.0,-15.125
1000.0,121,53730.0,444.0495867768595,0.0,38,18886.0,0.0,22,14766.0,0.0,24,16443.0,0.0,37,25525.0,0.0,121,75620.0,-15.125
1005.0,121,54335.0,449.0495867768595,0.0,38,19076.0,0.0,22,14876.0,0.0,24,16563.0,0.0,37,25710.0,0.0,121,76225.0,-15.125
1010.0,121,54940.0,454.0495867768595,0.0,38,19266.0,0.0,22,14986.0,0.0,24,16683.0,0.0,37,25895.0,0.0,121,76830.0,-15.125
1015.0,121,55545.0,459.0495867768595,0.0,38,19456.0,0.0,22,15096.0,0.0,24,16803.0,0.0,37,26080.0,0.0,121,77435.0,-15.125
1020.0,121,56150.0,464.0495867768595,0.0,38,19644.0,0.0,22,15206.0,0.0,24,16923.0,0.0,37,26265.0,0.0,121,78038.0,-15.125
1025.0,121,56755.0,469.0495867768595,0.0,38,19829.0,0.0,22,15314.0,0.0,24,17043.0,0.0,37,26446.0,0.0,121,78632.0,-15.125
1030.0,121,57360.0,474.0495867768595,0.0,38,20012.0,0.0,22,15413.0,0.0,24,17163.0,0.0,37,26624.0,0.0,121,79212.0,-15.125
1035.0,121,57965.0,479.0495867768595,0.0,38,20188.0,0.0,22,15500.0,0.0,24,17278.0,0.0,37,26794.0,0.0,121,79760.0,-15.125
1040.0,118,56545.0,467.31404958677683,0.09206118778832596,38,20358.0,0.0,22,15576.0,0.0,24,17391.0,0.01796156000397497,34,26010.0,0.011451324545688264,118,79335.0,-14.75
1045.0,110,50551.0,417.77685950413223,0.37736471880856653,38,20526.0,0.0,22,15651.0,0.0,24,17485.0,0.07912729015636578,26,24805.0,0.03946871852876826,110,78467.0,-13.75
1050.0,106,47240.0,390.41322314049586,0.5236374644651217,38,20688.0,0.0,22,15724.0,0.0,24,17575.0,0.10191419179224333,22,24238.0,0.03402110438981022,106,78225.0,-13.25
1055.0,109,43107.0,362.2436974789916,0.260135878006277,38,20841.0,0.0,22,15794.0,0.0,24,17669.0,0.033884175579004194,25,24323.0,0.015067718942144094,109,78627.0,-13.625
1060.0,112,43606.0,366.43697478991595,0.20805666672908096,38,20979.0,0.018027568919702912,22,15864.0,0.0,24,17774.0,0.0,28,24418.0,0.007255683597951594,112,79035.0,-14.0
1065.0,116,44163.0,371.11764705882354,0.11171735263575562,38,21102.0,0.0002737958330031686,22,15930.0,0.0,24,17865.0,0.0,32,24515.0,0.0045588257092667285,116,79412.0,-14.5
1070.0,116,44720.0,378.9830508474576,0.0034427638267468127,39,21217.0,9.234932822316043e-07,22,15984.0,0.0,24,17952.0,0.0,31,24604.0,0.0008743320188834416,116,79757.0,-14.5
1075.0,118,45309.0,383.97457627118644,2.6415001131980045e-06,39,21312.0,0.0,22,16027.0,0.0,24,18033.0,0.0,33,24691.0,6.44377721990639e-07,118,80063.0,-14.75
1080.0,118,45867.0,388.70338983050846,0.00014989341972810032,39,21400.0,0.0,22,16066.0,0.0,24,18112.0,0.0,33,24760.0,3.693277552182031e-05,118,80338.0,-14.75
1085.0,116,46392.0,393.1525423728813,0.02268801563398712,39,21478.0,0.0,22,16101.0,0.0,24,18183.0,0.0,31,24820.0,0.006036760637300208,116,80582.0,-14.5
1090.0,112,46777.0,396.41525423728814,0.05764750819510646,39,21543.0,0.0,22,16129.0,0.0,24,18247.0,0.0,27,24848.0,0.01537566754971488,112,80767.0,-14.0
1095.0,118,47356.0,401.3220338983051,0.0008895888341065814,39,21598.0,0.0,22,16150.0,0.0,24,18309.0,0.0,33,24883.0,0.00023451407417371774,118,80940.0,-14.75
1100.0,118,47946.0,406.3220338983051,3.7495731911160765e-06,39,21642.0,0.0,22,16170.0,0.0,24,18360.0,0.0,33,24922.0,9.905258493300412e-07,118,81094.0,-14.75
1105.0,118,48536.0,411.3220338983051,0.0,39,21673.0,0.0,22,16188.0,0.0,24,18405.0,0.0,33,24951.0,0.0,118,81217.0,-14.75
1110.0,118,49126.0,416.3220338983051,0.0,39,21684.0,0.0,22,16201.0,0.0,24,18437.0,0.0,33,24964.0,0.0,118,81286.0,-14.75
1115.0,118,49716.0,421.3220338983051,0.0,39,21685.0,0.0,22,16214.0,0.0,24,18455.0,0.0,33,24974.0,0.0,118,81328.0,-14.75
1120.0,118,50306.0,426.3220338983051,0.0,39,21685.0,0.0,22,16229.0,0.0,24,18464.0,0.0,33,24984.0,0.0,118,81362.0,-14.75
1125.0,118,50896.0,431.3220338983051,0.0,39,21685.0,0.0,22,16238.0,0.0,24,18467.0,0.0,33,24989.0,0.0,118,81379.0,-14.75
1130.0,118,51486.0,436.3220338983051,0.0,39,21685.0,0.0,22,16243.0,0.0,24,18472.0,0.0,33,24994.0,0.0,118,81394.0,-14.75
1135.0,118,52076.0,441.3220338983051,0.0,39,21685.0,0.0,22,16247.0,0.0,24,18473.0,0.0,33,24999.0,0.0,118,81404.0,-14.75
1140.0,118,52666.0,446.3220338983051,0.0,39,21685.0,0.0,22,16247.0,0.0,24,18473.0,0.0,33,25004.0,0.0,118,81409.0,-14.75
1145.0,118,53256.0,451.3220338983051,0.0,39,21685.0,0.0,22,16247.0,0.0,24,18473.0,0.0,33,25009.0,0.0,118,81414.0,-14.75
1150.0,118,53846.0,456.3220338983051,0.0,39,21685.0,0.0,22,16247.0,0.0,24,18473.0,0.0,33,25014.0,0.0,118,81419.0,-14.75
1155.0,118,54436.0,461.3220338983051,0.0,39,21688.0,0.0,22,16247.0,0.0,24,18473.0,0.0,33,25019.0,0.0,118,81427.0,-14.75
1160.0,118,55026.0,466.3220338983051,0.0,39,21697.0,0.0,22,16247.0,0.0,24,18473.0,0.0,33,25024.0,0.0,118,81441.0,-14.75
1165.0,112,50820.0,430.6779661016949,0.16109829510465118,39,21711.0,0.0,22,16247.0,0.0,18,16764.0,0.0307883066381164,33,25029.0,0.0,112,79751.0,-14.0
1170.0,103,45354.0,384.35593220338984,0.6462621190929818,39,21723.0,0.0,22,16247.0,0.0,9,14617.0,0.09778161809021535,33,25021.0,0.04801490869692531,103,77608.0,-12.875
1175.0,105,42331.0,358.73728813559325,0.27931639581677253,39,21726.0,0.0,22,16247.0,0.0,10,14298.0,0.018058013824002697,34,25007.0,0.012907875990414631,105,77278.0,-13.125
1180.0,108,40339.0,341.85593220338984,0.24651788548525064,39,21726.0,0.0,22,16247.0,0.0,11,14255.0,0.022580223506483477,36,25008.0,2.0758127500703504e-05,108,77236.0,-13.5
1185.0,108,39316.0,333.1864406779661,0.22651432402915989,39,21726.0,0.0,22,16247.0,0.0,11,14210.0,0.016942681182287315,36,25013.0,0.0,108,77196.0,-13.5
1190.0,111,39866.0,343.67241379310343,0.017066051187898466,39,21726.0,0.0,22,16247.0,0.0,14,14180.0,0.007204830197043885,36,25018.0,0.0,111,77171.0,-13.875
1195.0,114,40431.0,348.5431034482759,0.003797029143456058,39,21726.0,0.0,22,16247.0,0.0,17,14165.0,0.0015416503333515617,36,25023.0,0.0,114,77161.0,-14.25
1200.0,116,41009.0,353.5258620689655,7.85618106018079e-05,39,21726.0,0.0,22,16247.0,0.0,19,14163.0,3.195676894663578e-05,36,25028.0,0.0,116,77164.0,-14.5
1205.0,116,41589.0,358.5258620689655,1.0694511992823768e-06,39,21726.0,0.0,22,16247.0,0.0,19,14163.0,4.1303104014787745e-07,36,25033.0,0.0,116,77169.0,-14.5
1210.0,116,42169.0,363.5258620689655,0.0,39,21726.0,0.0,22,16247.0,0.0,19,14163.0,0.0,36,25038.0,0.0,116,77174.0,-14.5
1215.0,116,42749.0,368.5258620689655,0.0,39,21726.0,0.0,22,16250.0,0.0,19,14163.0,0.0,36,25043.0,0.0,116,77182.0,-14.5
1220.0,116,43329.0,373.5258620689655,0.0,39,21732.0,0.0,22,16260.0,0.0,19,14163.0,0.0,36,25048.0,0.0,116,77203.0,-14.5
1225.0,116,43909.0,378.5258620689655,0.0,39,21745.0,0.0,22,16270.0,0.0,19,14163.0,0.0,36,25053.0,0.0,116,77231.0,-14.5
1230.0,116,44489.0,383.5258620689655,0.0,39,21759.0,0.0,22,16280.0,0.0,19,14163.0,0.0,36,25058.0,0.0,116,77260.0,-14.5
1235.0,116,45069.0,388.5258620689655,0.0,39,21778.0,0.0,22,16282.0,0.0,19,14163.0,0.0,36,25063.0,0.0,116,77286.0,-14.5
1240.0,110,41904.0,361.2413793103448,0.1898423932923506,33,20770.0,0.02007374305353903,22,16282.0,0.0,19,14163.0,0.0,36,25068.0,0.0,110,76283.0,-13.75
1245.0,105,38526.0,335.0086956521739,0.3134094791195866,28,20155.0,0.02506525414551573,22,16282.0,0.0,19,14155.0,0.0009137306133284015,36,25076.0,0.0,105,75668.0,-13.125
1250.0,106,36364.0,316.2086956521739,0.2519336584533172,28,20129.0,0.01074261252209945,22,16282.0,0.0,20,14154.0,5.688539787192861e-07,36,25103.0,0.0,106,75668.0,-13.25
1255.0,107,35303.0,306.9826086956522,0.25708911631217196,29,20097.0,0.009777835345820801,22,16282.0,0.0,20,14156.0,0.0,36,25146.0,0.0,107,75681.0,-13.375
1260.0,110,35845.0,311.69565217391306,0.21583927003207537,32,20082.0,0.002921993257148355,22,16282.0,0.0,20,14161.0,0.0,36,25178.0,0.0,110,75703.0,-13.75
1265.0,111,34954.0,309.3274336283186,0.07413001644245627,35,20083.0,0.00021432676571094708,20,15308.0,0.01231746524622999,20,14166.0,0.0,36,25220.0,0.0,111,74777.0,-13.875
1270.0,105,30529.0,270.16814159292034,0.25830157300121126,35,20084.0,3.0107336437367874e-06,13,13634.0,0.052326284914369796,20,14177.0,0.0,37,25269.0,0.018891659374625804,105,73164.0,-13.125
1275.0,100,26821.0,237.35398230088495,0.1772853057444345,35,20084.0,2.1742259791917622e-07,8,12895.0,0.054535618124133246,20,14212.0,0.0,37,25298.0,0.010186743838352334,100,72489.0,-12.5
1280.0,104,24471.0,216.55752212389382,0.05871685034633987,35,20084.0,0.0,10,12848.0,0.027551194735008725,20,14257.0,0.0,39,25314.0,3.7663085262444783e-06,104,72503.0,-13.0
1285.0,105,22989.0,203.44247787610618,0.05129452210538981,35,20087.0,0.0,11,12804.0,0.023027140032276745,20,14287.0,0.0,39,25317.0,0.0,105,72495.0,-13.125
1290.0,108,23521.0,208.1504424778761,0.024871246540429295,35,20105.0,0.0,14,12772.0,0.011234705588176672,20,14302.0,0.0,39,25318.0,0.0,108,72497.0,-13.5
1295.0,112,24071.0,213.01769911504425,0.0032069915655034225,35,20112.0,0.0,18,12757.0,0.0014738464758085564,20,14303.0,0.0,39,25334.0,0.0,112,72506.0,-14.0
1300.0,113,24635.0,218.00884955752213,0.0001479967812307502,35,20113.0,0.0,19,12756.0,7.254719706653858e-05,20,14303.0,0.0,39,25366.0,0.0,113,72538.0,-14.125
1305.0,107,25024.0,221.4513274336283,0.18596061888759474,35,20113.0,0.0,13,12126.0,0.03864001190039709,20,14303.0,0.0,39,25380.0,0.009630518320219475,107,71922.0,-13.375
1310.0,104,25417.0,226.9375,0.2923021910565397,35,20113.0,0.0,9,11293.0,0.028655024546740474,20,14303.0,0.0,40,25383.0,3.76444875090493e-05,104,71092.0,-13.0
1315.0,97,24973.0,222.97321428571428,0.5331328190988174,35,20113.0,0.0,8,11260.0,0.03046986912421389,14,13042.0,0.04441378837996905,40,25399.0,0.0,97,69814.0,-12.125
1320.0,91,24689.0,220.4375,1.1281278102516605,35,20113.0,0.0,7,11222.0,0.02491755478529924,9,10545.0,0.0692694409475675,40,25408.0,0.055652542519121315,91,67288.0,-11.375
1325.0,92,24477.0,220.51351351351352,0.8225931234303158,35,20113.0,0.0,12,11224.0,0.004945379711150431,4,10510.0,0.1379701694927683,41,25405.0,0.016615974856343342,92,67252.0,-11.5
1330.0,98,24476.0,222.5090909090909,0.5870386502879397,35,20116.0,0.0,15,11255.0,0.0006532689928621897,4,10465.0,0.11998748263841527,44,25415.0,1.093971865633257e-05,98,67251.0,-12.25
1335.0,100,24971.0,229.09174311926606,0.4277423598549115,35,20123.0,0.0,15,11284.0,1.1693579561252905e-05,6,10425.0,0.10993629634952296,44,25427.0,0.0,100,67259.0,-12.5
1340.0,103,25481.0,238.14018691588785,0.028890806598545943,35,20128.0,0.0,15,11299.0,0.0,9,10400.0,0.016628761128707658,44,25449.0,0.0,103,67276.0,-12.875
1345.0,106,26005.0,243.0373831775701,0.0015454685263795466,35,20134.0,0.0,15,11328.0,0.0,12,10393.0,0.000992214710804463,44,25480.0,0.0,106,67335.0,-13.25
1350.0,107,26540.0,248.0373831775701,5.613515048168404e-06,35,20139.0,0.0,15,11376.0,0.0,13,10407.0,3.554762143355507e-06,44,25515.0,0.0,107,67437.0,-13.375
1355.0,107,27075.0,253.0373831775701,0.0,35,20148.0,0.0,15,11417.0,0.0,13,10423.0,0.0,44,25564.0,0.0,107,67552.0,-13.375
1360.0,107,27610.0,258.0373831775701,0.0,35,20161.0,0.0,15,11440.0,0.0,13,10440.0,0.0,44,25624.0,0.0,107,67665.0,-13.375
1365.0,107,28145.0,263.0373831775701,0.0,35,20167.0,0.0,15,11446.0,0.0,13,10449.0,0.0,44,25695.0,0.0,107,67757.0,-13.375
1370.0,107,28680.0,268.0373831775701,0.0,35,20167.0,0.0,15,11446.0,0.0,13,10454.0,0.0,44,25761.0,0.0,107,67828.0,-13.375
1375.0,107,29215.0,273.0373831775701,0.0,35,20167.0,0.0,15,11446.0,0.0,13,10459.0,0.0,44,25797.0,0.0,107,67869.0,-13.375
1380.0,107,29750.0,278.0373831775701,0.0,35,20171.0,0.0,15,11446.0,0.0,13,10464.0,0.0,44,25816.0,0.0,107,67897.0,-13.375
1385.0,107,30285.0,283.0373831775701,0.0,35,20171.0,0.0,15,11450.0,0.0,13,10465.0,0.0,44,25819.0,0.0,107,67905.0,-13.375
1390.0,103,30243.0,282.6448598130841,0.15032863809038,31,19428.0,0.011130592593165437,15,11465.0,0.0,13,10465.0,0.0,44,25827.0,0.0,103,67185.0,-12.875
1395.0,98,30038.0,280.7289719626168,0.505458289368143,26,18326.0,0.049524430171585435,15,11475.0,0.0,13,10452.0,0.06890826495238542,44,25854.0,0.0,98,66107.0,-12.25
1400.0,94,29745.0,277.9906542056075,0.4402500014400162,23,17739.0,0.05884800712873583,15,11476.0,0.0,12,9448.0,0.02788630805011188,44,25880.0,0.0,94,64543.0,-11.75
1405.0,94,29587.0,276.5140186915888,0.35969529358981994,23,17702.0,0.04662506049516651,15,11476.0,0.0,11,9422.0,0.02880143123106836,45,25885.0,7.555360907030699e-05,94,64485.0,-11.75
1410.0,95,29734.0,277.8878504672897,0.1754759149483312,27,17679.0,0.003467477174859067,15,11476.0,0.0,8,9387.0,0.025697839261421235,45,25897.0,0.0,95,64439.0,-11.875
1415.0,98,30171.0,284.6320754716981,0.05315067256971874,30,17674.0,0.0002310130410868852,15,11476.0,0.0,8,9348.0,0.025927089382267423,45,25908.0,0.0,98,64406.0,-12.25
1420.0,95,30580.0,288.49056603773585,0.11870443569198406,25,17109.0,0.013065527660591401,15,11476.0,0.0,10,9309.0,0.031225741703882356,45,25920.0,0.0,95,63814.0,-11.875
1425.0,97,31001.0,292.4622641509434,0.06064461842717463,23,17082.0,0.012759909197248528,15,11476.0,0.0,14,9286.0,0.00450930998689694,45,25927.0,0.0,97,63771.0,-12.125
1430.0,103,31502.0,297.188679245283,0.01830697837846945,26,17060.0,0.004325532354829007,15,11476.0,0.0,17,9280.0,0.0002281351520164603,45,25939.0,0.0,103,63755.0,-12.875
1435.0,106,32024.0,302.1132075471698,0.0005302203828253135,29,17052.0,0.00011771119482249239,15,11476.0,0.0,17,9285.0,1.3947472548674934e-05,45,25939.0,0.0,106,63752.0,-13.25
1440.0,106,32554.0,307.1132075471698,6.437242137834316e-06,29,17052.0,1.2302399872857855e-06,15,11476.0,0.0,17,9301.0,5.69846371150428e-07,45,25939.0,0.0,106,63768.0,-13.25
1445.0,106,33084.0,312.1132075471698,1.232107331431072e-06,29,17055.0,2.872857717589349e-07,15,11476.0,0.0,17,9332.0,0.0,45,25939.0,0.0,106,63802.0,-13.25
1450.0,106,33614.0,317.1132075471698,1.8440393781789695e-06,29,17072.0,0.0,15,11476.0,0.0,17,9359.0,8.028309416924064e-07,45,25939.0,0.0,106,63846.0,-13.25
1455.0,106,34144.0,322.1132075471698,0.0,29,17092.0,0.0,15,11476.0,0.0,17,9367.0,0.0,45,25939.0,0.0,106,63874.0,-13.25
1460.0,103,31928.0,301.20754716981133,0.08361694348988466,26,16580.0,0.008189308336704584,15,11473.0,0.02149391380786511,17,9367.0,0.0,45,25939.0,0.0,103,63359.0,-12.875
1465.0,99,28398.0,267.9056603773585,0.2872459300182695,21,15526.0,0.039888307531840465,16,11460.0,0.05792840522846335,17,9367.0,0.0,45,25939.0,0.0,99,62292.0,-12.375
1470.0,98,26291.0,248.02830188679246,0.32379864755504223,19,15499.0,0.05022369277414106,17,11452.0,0.055364232938910046,17,9367.0,0.0,45,25939.0,0.0,98,62257.0,-12.25
1475.0,100,26786.0,252.69811320754718,0.09951869128031049,21,15474.0,0.026620850910002478,17,11447.0,0.0007048024765960466,17,9367.0,0.0,45,25939.0,0.0,100,62227.0,-12.5
1480.0,105,27304.0,257.58490566037733,0.0016883127153493286,25,15462.0,0.00045440426048571063,18,11447.0,3.3897266214608272e-06,17,9367.0,0.0,45,25939.0,0.0,105,62215.0,-13.125
1485.0,106,27833.0,262.57547169811323,5.088567633859281e-05,26,15461.0,1.4149100240063298e-05,18,11447.0,0.0,17,9367.0,0.0,45,25939.0,0.0,106,62214.0,-13.25
1490.0,106,28363.0,267.57547169811323,1.6147715609879495e-06,26,15461.0,3.9257818518762904e-07,18,11447.0,0.0,17,9367.0,0.0,45,25939.0,0.0,106,62214.0,-13.25
1495.0,106,28893.0,272.57547169811323,0.0,26,15461.0,0.0,18,11447.0,0.0,17,9367.0,0.0,45,25939.0,0.0,106,62214.0,-13.25
1500.0,106,29423.0,277.57547169811323,0.0,26,15461.0,0.0,18,11447.0,0.0,17,9379.0,0.0,45,25939.0,0.0,106,62226.0,-13.25
1505.0,106,29953.0,282.57547169811323,0.0,26,15471.0,0.0,18,11447.0,0.0,17,9399.0,0.0,45,25939.0,0.0,106,62256.0,-13.25
1510.0,106,30483.0,287.57547169811323,0.0,26,15492.0,0.0,18,11447.0,0.0,17,9419.0,0.0,45,25939.0,0.0,106,62297.0,-13.25
1515.0,106,31013.0,292.57547169811323,0.0,26,15517.0,0.0,18,11447.0,0.0,17,9439.0,0.0,45,25939.0,0.0,106,62342.0,-13.25
1520.0,106,31543.0,297.57547169811323,0.0,26,15541.0,0.0,18,11447.0,0.0,17,9457.0,0.0,45,25939.0,0.0,106,62384.0,-13.25
1525.0,106,32073.0,302.57547169811323,0.0,26,15557.0,0.0,18,11449.0,0.0,17,9464.0,0.0,45,25939.0,0.0,106,62409.0,-13.25
1530.0,106,32603.0,307.57547169811323,0.0,26,15562.0,0.0,18,11462.0,0.0,17,9464.0,0.0,45,25945.0,0.0,106,62433.0,-13.25
1535.0,106,33133.0,312.57547169811323,0.0,26,15571.0,0.0,18,11487.0,0.0,17,9464.0,0.0,45,25972.0,0.0,106,62494.0,-13.25
1540.0,106,33663.0,317.57547169811323,0.0,26,15599.0,0.0,18,11528.0,0.0,17,9464.0,0.0,45,25993.0,0.0,106,62584.0,-13.25
1545.0,106,34193.0,322.57547169811323,0.0,26,15642.0,0.0,18,11590.0,0.0,17,9464.0,0.0,45,25999.0,0.0,106,62695.0,-13.25
1550.0,106,34723.0,327.57547169811323,0.0,26,15687.0,0.0,18,11653.0,0.0,17,9464.0,0.0,45,25999.0,0.0,106,62803.0,-13.25
1555.0,106,35253.0,332.57547169811323,0.0,26,15723.0,0.0,18,11696.0,0.0,17,9464.0,0.0,45,25999.0,0.0,106,62882.0,-13.25
1560.0,106,35783.0,337.57547169811323,0.0,26,15754.0,0.0,18,11720.0,0.0,17,9464.0,0.0,45,25999.0,0.0,106,62937.0,-13.25
1565.0,106,36313.0,342.57547169811323,0.0,26,15779.0,0.0,18,11728.0,0.0,17,9464.0,0.0,45,25999.0,0.0,106,62970.0,-13.25
1570.0,106,36843.0,347.57547169811323,0.0,26,15796.0,0.0,18,11728.0,0.0,17,9464.0,0.0,45,25999.0,0.0,106,62987.0,-13.25
1575.0,106,37373.0,352.57547169811323,0.0,26,15802.0,0.0,18,11728.0,0.0,17,9464.0,0.0,45,25999.0,0.0,106,62993.0,-13.25
1580.0,106,37903.0,357.57547169811323,0.0,26,15802.0,0.0,18,11728.0,0.0,17,9464.0,0.0,45,25999.0,0.0,106,62993.0,-13.25
1585.0,106,38433.0,362.57547169811323,0.0,26,15802.0,0.0,18,11728.0,0.0,17,9464.0,0.0,45,25999.0,0.0,106,62993.0,-13.25
1590.0,105,38848.0,366.49056603773585,0.05118403953658242,26,15802.0,0.0,17,11724.0,0.0,17,9464.0,0.0,45,25999.0,0.0,105,62989.0,-13.125
1595.0,105,39373.0,371.4433962264151,0.13975499266415903,26,15802.0,0.0,17,11724.0,0.0,17,9464.0,0.0,45,25999.0,0.0,105,62989.0,-13.125
1600.0,105,39898.0,376.39622641509436,0.1547616110891928,26,15802.0,0.0,17,11724.0,0.0,17,9464.0,0.0,45,25999.0,0.0,105,62989.0,-13.125
1605.0,105,40423.0,381.3490566037736,0.1550317328066581,26,15802.0,0.0,17,11724.0,0.0,17,9464.0,0.0,45,25999.0,0.0,105,62989.0,-13.125
1610.0,105,40948.0,389.9809523809524,0.0,26,15808.0,0.0,17,11724.0,0.0,17,9464.0,0.0,45,25999.0,0.0,105,62995.0,-13.125
1615.0,105,41473.0,394.9809523809524,0.0,26,15830.0,0.0,17,11724.0,0.0,17,9464.0,0.0,45,26006.0,0.0,105,63024.0,-13.125
1620.0,105,41998.0,399.9809523809524,0.0,26,15853.0,0.0,17,11724.0,0.0,17,9464.0,0.0,45,26029.0,0.0,105,63070.0,-13.125
1625.0,105,42523.0,404.9809523809524,0.0,26,15868.0,0.0,17,11724.0,0.0,17,9464.0,0.0,45,26066.0,0.0,105,63122.0,-13.125
1630.0,105,43048.0,409.9809523809524,0.0,26,15883.0,0.0,17,11728.0,0.0,17,9464.0,0.0,45,26091.0,0.0,105,63166.0,-13.125
1635.0,105,43573.0,414.9809523809524,0.0,26,15888.0,0.0,17,11738.0,0.0,17,9464.0,0.0,45,26104.0,0.0,105,63194.0,-13.125
1640.0,105,44098.0,419.9809523809524,0.0,26,15903.0,0.0,17,11744.0,0.0,17,9464.0,0.0,45,26114.0,0.0,105,63225.0,-13.125
1645.0,105,44623.0,424.9809523809524,0.0,26,15937.0,0.0,17,11744.0,0.0,17,9464.0,0.0,45,26123.0,0.0,105,63268.0,-13.125
1650.0,105,45148.0,429.9809523809524,0.0,26,15969.0,0.0,17,11744.0,0.0,17,9464.0,0.0,45,26124.0,0.0,105,63301.0,-13.125
1655.0,105,45673.0,434.9809523809524,0.0,26,16000.0,0.0,17,11744.0,0.0,17,9464.0,0.0,45,26124.0,0.0,105,63332.0,-13.125
1660.0,101,43554.0,414.8,0.15228158703555483,26,16014.0,0.0,17,11744.0,0.0,17,9464.0,0.0,41,25144.0,0.007002340770670737,101,62366.0,-12.625
1665.0,96,40215.0,383.0,0.548232151720011,26,16014.0,0.0,17,11731.0,0.08646427541484383,17,9464.0,0.0,36,23150.0,0.028282997583405276,96,60359.0,-12.0
1670.0,93,38171.0,363.53333333333336,0.7817427506278383,26,16014.0,0.0,17,11706.0,0.17534929713530556,17,9464.0,0.0,33,22135.0,0.045225778313018786,93,59319.0,-11.625
1675.0,92,37097.0,353.3047619047619,0.6413776929128847,26,16014.0,0.0,18,11687.0,0.1018709139980179,17,9464.0,0.0,31,22091.0,0.051000964858499365,92,59256.0,-11.5
1680.0,96,37292.0,358.5769230769231,0.1809707297503409,26,16014.0,0.0,20,11675.0,0.0024462263200590007,17,9464.0,0.0,33,22049.0,0.034943777009574316,96,59202.0,-12.0
1685.0,100,37786.0,363.3269230769231,0.032660931132514864,26,16014.0,0.0,21,11674.0,7.801414070695929e-06,17,9464.0,0.0,36,22024.0,0.006594625490373883,100,59176.0,-12.5
1690.0,103,38297.0,368.24038461538464,0.0021427506629312755,26,16014.0,0.0,21,11674.0,0.0,17,9464.0,0.0,39,22016.0,0.00047464524431143013,103,59168.0,-12.875
1695.0,104,38817.0,373.24038461538464,7.813724347997643e-05,26,16014.0,0.0,21,11674.0,0.0,17,9464.0,0.0,40,22016.0,1.7806394655875615e-05,104,59168.0,-13.0
1700.0,104,39337.0,378.24038461538464,0.0,26,16014.0,0.0,21,11674.0,0.0,17,9464.0,0.0,40,22016.0,0.0,104,59168.0,-13.0
1705.0,104,39857.0,383.24038461538464,0.0,26,16014.0,0.0,21,11674.0,0.0,17,9464.0,0.0,40,22016.0,0.0,104,59168.0,-13.0
1710.0,104,40377.0,388.24038461538464,0.0,26,16014.0,0.0,21,11674.0,0.0,17,9464.0,0.0,40,22016.0,0.0,104,59168.0,-13.0
1715.0,101,40783.0,392.1442307692308,0.11395611018553481,26,16014.0,0.0,18,11688.0,0.022394600621814392,17,9464.0,0.0,40,22016.0,0.0,101,59182.0,-12.625
1720.0,100,41249.0,396.625,0.3467759966942176,26,16002.0,0.06303662754028631,17,11744.0,0.0,17,9464.0,0.0,40,22021.0,0.0,100,59231.0,-12.5
1725.0,100,41749.0,401.4326923076923,0.27405934046520114,26,15987.0,0.07468855648757183,17,11744.0,0.0,17,9464.0,0.0,40,22031.0,0.0,100,59226.0,-12.5
1730.0,101,42253.0,406.27884615384613,0.14736139758058292,27,15991.0,0.041902271598069814,17,11744.0,0.0,17,9464.0,0.0,40,22039.0,0.0,101,59238.0,-12.625
1735.0,99,41770.0,405.5339805825243,0.2150754116763359,28,16003.0,0.02760157936409334,17,11744.0,0.0,14,8488.0,0.025221776873726006,40,22039.0,0.0,99,58274.0,-12.375
1740.0,94,40621.0,398.2450980392157,0.34549616533590793,28,16013.0,0.0,17,11744.0,0.0,9,6536.0,0.09046450115095357,40,22026.0,0.019652474368923274,94,56319.0,-11.75
1745.0,91,39788.0,390.078431372549,0.4999419331290329,28,16013.0,0.0,17,11744.0,0.0,5,4584.0,0.1697681525516792,41,21997.0,0.0397590350346587,91,54338.0,-11.375
1750.0,87,38621.0,378.6372549019608,0.5142645524194122,28,16013.0,0.0,17,11744.0,0.0,2,4539.0,0.18166764884856476,40,21993.0,0.03924458158525458,87,54289.0,-10.875
1755.0,89,37420.0,366.8627450980392,0.6848852270255857,23,14829.0,0.018315460025424942,17,11744.0,0.0,6,4496.0,0.18229371891943735,43,21975.0,0.041140627641590946,89,53044.0,-11.125
1760.0,83,36490.0,357.7450980392157,0.6923441365437399,18,13677.0,0.06091528213780498,17,11744.0,0.0,5,3501.0,0.1463715475556462,43,21965.0,0.008223852092887594,83,50887.0,-10.375
1765.0,83,36837.0,361.1470588235294,1.052624700343013,17,12723.0,0.10374551947114989,17,11744.0,0.0,4,1965.0,0.2020240099114073,45,21954.0,0.03025745936537688,83,48386.0,-10.375
1770.0,82,37226.0,368.5742574257426,0.9876337139701307,17,11903.0,0.06518398658807727,17,11744.0,0.0,2,1209.0,0.2598207796602097,46,21940.0,0.035312643267038826,82,46796.0,-10.25
1775.0,82,37622.0,372.4950495049505,0.7232738216033995,17,11780.0,0.00770151868310369,17,11744.0,0.0,2,449.0,0.20437105300207115,46,21942.0,0.020560376692279978,82,45915.0,-10.25
1780.0,82,38025.0,376.48514851485146,0.813304287881629,17,11858.0,0.0,17,11744.0,0.0,0,401.0,0.20002578604661872,48,21929.0,0.019611607503718667,82,45932.0,-10.25
1785.0,85,38445.0,380.64356435643566,0.7273268520559746,17,11864.0,0.0,17,11744.0,0.0,3,346.0,0.1949408699843295,48,21929.0,0.007637573660868451,85,45883.0,-10.625
1790.0,90,38888.0,385.029702970297,0.7036299661103701,17,11864.0,0.0,17,11744.0,0.0,7,309.0,0.15255366637084145,49,21924.0,0.016171910740239704,90,45841.0,-11.25
1795.0,96,39352.0,393.52,0.2674363028915438,17,11864.0,0.0,17,11744.0,0.0,12,302.0,0.06499356786466153,50,21920.0,4.4106621256315896e-05,96,45830.0,-12.0
1800.0,98,39839.0,402.4141414141414,0.06584531477105164,17,11864.0,0.0,17,11744.0,0.0,14,314.0,0.027726538136930046,50,21920.0,0.0,98,45842.0,-12.25
1805.0,98,40324.0,407.3131313131313,0.10965456671174893,17,11867.0,0.0,17,11744.0,0.0,14,307.0,0.051021955514463535,50,21920.0,0.0,98,45838.0,-12.25
1810.0,99,40816.0,412.2828282828283,0.00010349455724744182,17,11872.0,0.0,17,11744.0,0.0,15,304.0,4.8155776997284346e-05,50,21920.0,0.0,99,45840.0,-12.375
1815.0,99,41311.0,417.2828282828283,0.0,17,11874.0,0.0,17,11744.0,0.0,15,304.0,0.0,50,21920.0,0.0,99,45842.0,-12.375
1820.0,97,40262.0,406.6868686868687,0.07213223978693303,17,11874.0,0.0,17,11744.0,0.0,15,304.0,0.0,48,20223.0,0.004253213191579994,97,44145.0,-12.125
1825.0,83,34401.0,347.4848484848485,0.5686838247421322,17,11874.0,0.0,17,11744.0,0.0,9,-329.0,0.14910496959739392,40,18509.0,0.016467497061524266,83,41798.0,-10.375
1830.0,74,30807.0,317.5979381443299,0.90484750416315,17,11874.0,0.0,17,11744.0,0.0,2,-301.0,0.29975983384859634,38,17054.0,0.013634003780857412,74,40371.0,-9.25
1835.0,68,24546.0,258.37894736842105,0.9258962360148446,17,11874.0,0.0,17,11744.0,0.0,1,-265.0,0.1918229403452121,33,16984.0,0.04737678924787212,68,40337.0,-8.5
1840.0,73,22179.0,233.46315789473684,0.5663095112876203,17,11874.0,0.0,15,10755.0,0.006055685627239972,4,-267.0,0.09347859092831838,37,16903.0,0.016545114540571036,73,39265.0,-9.125
1845.0,71,19867.0,211.35106382978722,0.6814287062018531,17,11874.0,0.0,10,8776.0,0.06491776165319098,4,-296.0,0.062347998934809766,40,16833.0,0.04109122671923072,71,37187.0,-8.875
1850.0,71,18078.0,192.31914893617022,0.5846815976606954,17,11874.0,0.0,7,8744.0,0.10016066157605807,3,-280.0,0.06578181557509595,44,16774.0,0.025597279320928677,71,37112.0,-8.875
1855.0,75,15926.0,171.247311827957,0.45027908977679804,17,11874.0,0.0,5,8700.0,0.09025142228484388,4,-257.0,0.09465646050229655,49,16740.0,0.021615544401213507,75,37057.0,-9.375
1860.0,76,14739.0,158.48387096774192,0.4648278855294322,14,11311.0,0.01743973604224044,6,8655.0,0.08871398817304633,3,-235.0,0.07038165844606842,53,16727.0,0.01086168093426579,76,36458.0,-9.5
1865.0,70,13044.0,140.25806451612902,0.6113042319495602,9,10222.0,0.08339320073427917,10,8618.0,0.02212257777483295,3,-178.0,0.026595693868668936,48,16695.0,0.03312236347276386,70,35357.0,-8.75
1870.0,75,12933.0,139.06451612903226,0.38897360615120896,10,10195.0,0.05844243878379656,13,8588.0,0.0078499547850603,4,-187.0,0.005184267580612384,48,16636.0,0.028071680161627307,75,35232.0,-9.375
1875.0,85,13319.0,143.21505376344086,0.09415839157227994,13,10181.0,0.0031363264937605087,17,8581.0,0.00017341783161761704,3,-116.0,0.0017171049510188254,52,16597.0,0.010483709095970732,85,35243.0,-10.625
1880.0,92,13773.0,148.09677419354838,0.07366994426497615,14,10181.0,8.494378173176785e-05,17,8581.0,5.274759373836138e-06,3,-41.0,0.0,58,16586.0,0.00778163010006935,92,35307.0,-11.5
1885.0,93,14237.0,153.08602150537635,1.4980353832876358e-05,14,10181.0,0.0,17,8581.0,1.2020478228325152e-06,3,-41.0,0.0,59,16586.0,1.3624801163902985e-06,93,35307.0,-11.625
1890.0,93,14702.0,158.08602150537635,1.0987417440251202e-06,14,10181.0,0.0,17,8581.0,4.2292842472847104e-07,3,-41.0,0.0,59,16602.0,0.0,93,35323.0,-11.625
1895.0,93,15167.0,163.08602150537635,0.0,14,10181.0,0.0,17,8581.0,0.0,3,-41.0,0.0,59,16632.0,0.0,93,35353.0,-11.625
1900.0,93,15632.0,168.08602150537635,0.0,14,10181.0,0.0,17,8581.0,0.0,3,-41.0,0.0,59,16650.0,0.0,93,35371.0,-11.625
1905.0,93,16097.0,173.08602150537635,0.0,14,10181.0,0.0,17,8581.0,0.0,3,-41.0,0.0,59,16654.0,0.0,93,35375.0,-11.625
1910.0,93,16562.0,178.08602150537635,0.0,14,10181.0,0.0,17,8581.0,0.0,3,-41.0,0.0,59,16654.0,0.0,93,35375.0,-11.625
1915.0,93,17027.0,183.08602150537635,0.0,14,10181.0,0.0,17,8581.0,0.0,3,-41.0,0.0,59,16654.0,0.0,93,35375.0,-11.625
1920.0,93,17492.0,188.08602150537635,0.0,14,10181.0,0.0,17,8581.0,0.0,3,-41.0,0.0,59,16654.0,0.0,93,35375.0,-11.625
1925.0,93,17957.0,193.08602150537635,0.0,14,10181.0,0.0,17,8581.0,0.0,3,-41.0,0.0,59,16654.0,0.0,93,35375.0,-11.625
1930.0,90,18122.0,194.86021505376345,0.12410174689521258,14,10181.0,0.0,17,8581.0,0.0,3,-44.0,0.10279852215081636,56,15666.0,0.008340953052433715,90,34384.0,-11.25
1935.0,81,17748.0,190.83870967741936,0.40522179137034053,14,10181.0,0.0,17,8581.0,0.0,3,-54.0,0.3418770040109691,47,14948.0,0.013290117636114037,81,33656.0,-10.125
1940.0,74,17589.0,189.1290322580645,0.6925419121217659,14,10181.0,0.0,17,8581.0,0.0,3,-79.0,0.43531040242645413,40,13213.0,0.024211943958183865,74,31896.0,-9.25
1945.0,69,17656.0,189.8494623655914,0.9004023744265202,14,10181.0,0.0,17,8581.0,0.0,4,-101.0,0.27505006245179486,34,11456.0,0.06681446178200853,69,30117.0,-8.625
1950.0,66,17538.0,190.6304347826087,1.4506746007845555,14,10181.0,0.0,13,6628.0,0.025203867321290308,6,-126.0,0.27442366027220405,33,9424.0,0.08632334469021534,66,26107.0,-8.25
1955.0,63,17392.0,193.24444444444444,1.327399417867718,14,10181.0,0.0,8,5641.0,0.0899552586812182,8,-157.0,0.17391354282512103,33,9405.0,0.0801205702989048,63,25070.0,-7.875
1960.0,66,17350.0,192.77777777777777,1.0130197382107464,14,10181.0,0.0,4,4641.0,0.1124535575875587,10,-172.0,0.08236901874229922,38,9339.0,0.053641630712769194,66,23989.0,-8.25
1965.0,67,17328.0,194.69662921348313,0.7266189053179225,14,10181.0,0.0,0,3936.0,0.15916603814406868,11,-177.0,0.001090651071961978,42,9290.0,0.042741308231829186,67,23230.0,-8.375
1970.0,72,17681.0,198.6629213483146,0.9291169442660786,14,10181.0,0.0,0,2540.0,0.21400309825531555,12,-177.0,8.748680006562543e-07,46,9263.0,0.05403020560484923,72,21807.0,-9.0
1975.0,75,18049.0,205.10227272727272,0.6995731552121243,14,10181.0,0.0,0,1186.0,0.2437033004545906,12,-177.0,0.0,49,9236.0,0.044333197346428474,75,20426.0,-9.375
1980.0,78,18429.0,209.42045454545453,0.5191288932870024,14,10181.0,0.0,1,1147.0,0.22984894239283948,12,-177.0,0.0,51,9210.0,0.0271884954318484,78,20361.0,-9.75
1985.0,83,18835.0,214.0340909090909,0.08125541563557502,14,10181.0,0.0,4,1122.0,0.05148298557983962,12,-177.0,0.0,53,9201.0,0.0016606874201515723,83,20327.0,-10.375
1990.0,87,19264.0,218.9090909090909,0.0021284903172929495,14,10181.0,0.0,7,1112.0,0.001601969815100664,12,-177.0,0.0,54,9200.0,3.259059783512231e-06,87,20316.0,-10.875
1995.0,88,19704.0,223.9090909090909,2.3696531532092356e-05,14,10181.0,0.0,8,1112.0,1.8009524584706305e-05,12,-177.0,0.0,54,9200.0,0.0,88,20316.0,-11.0
2000.0,85,20085.0,228.23863636363637,0.1243566388848441,14,10181.0,0.0,5,509.0,0.05201654883515388,12,-177.0,0.0,54,9197.0,0.007446058795837354,85,19710.0,-10.625
