step,system_total_stopped,system_total_waiting_time,system_mean_waiting_time,system_mean_speed,A0_stopped,A0_accumulated_waiting_time,A0_average_speed,A1_stopped,A1_accumulated_waiting_time,A1_average_speed,A2_stopped,A2_accumulated_waiting_time,A2_average_speed,A3_stopped,A3_accumulated_waiting_time,A3_average_speed,B0_stopped,B0_accumulated_waiting_time,B0_average_speed,B1_stopped,B1_accumulated_waiting_time,B1_average_speed,B2_stopped,B2_accumulated_waiting_time,B2_average_speed,B3_stopped,B3_accumulated_waiting_time,B3_average_speed,C0_stopped,C0_accumulated_waiting_time,C0_average_speed,C1_stopped,C1_accumulated_waiting_time,C1_average_speed,C2_stopped,C2_accumulated_waiting_time,C2_average_speed,C3_stopped,C3_accumulated_waiting_time,C3_average_speed,D0_stopped,D0_accumulated_waiting_time,D0_average_speed,D1_stopped,D1_accumulated_waiting_time,D1_average_speed,D2_stopped,D2_accumulated_waiting_time,D2_average_speed,D3_stopped,D3_accumulated_waiting_time,D3_average_speed,agents_total_stopped,agents_total_accumulated_waiting_time,average_rewards
0.0,0,0.0,0.0,0.0,0,0.0,1.0,0,0.0,1.0,0,0.0,1.0,0,0.0,1.0,0,0.0,1.0,0,0.0,1.0,0,0.0,1.0,0,0.0,1.0,0,0.0,1.0,0,0.0,1.0,0,0.0,1.0,0,0.0,1.0,0,0.0,1.0,0,0.0,1.0,0,0.0,1.0,0,0.0,1.0,0,0.0,0.0
5.0,3,0.0,0.0,3.3953086654799773,0,0.0,0.3102500767359957,0,0.0,1.0,0,0.0,1.0,2,0.0,0.0,0,0.0,0.1417890855039902,0,0.0,0.1848754868072724,0,0.0,0.27415831805227325,0,0.0,0.4557197052908159,0,0.0,0.35157906384639437,0,0.0,0.4742306270077464,1,0.0,0.24902024655645727,0,0.0,1.0,0,0.0,0.2495894277889091,0,0.0,0.3096124484586196,0,0.0,0.30935106173531185,0,0.0,0.16145079324159384,3,0.0,-0.16875
10.0,11,0.0,0.0,6.716814458259099,0,0.0,0.4519757783656137,1,0.0,0.2745210728023528,1,0.0,0.0,2,0.0,0.3688093281478315,2,0.0,0.4741836784982951,0,0.0,0.5137135156622906,0,0.0,0.5891780751031893,0,0.0,0.6358403848236124,0,0.0,0.49609828640809983,1,0.0,0.43845952328287857,1,0.0,0.4900519047448024,0,0.0,1.0,1,0.0,0.4516073053367428,0,0.0,0.6331715160994558,2,0.0,0.305841305218338,0,0.0,0.9706639412971945,11,0.0,-0.61875
15.0,8,0.0,0.0,8.44953137480779,2,0.0,0.4296810376462723,0,0.0,0.764250537853957,1,0.0,0.36085360431757973,0,0.0,0.6673504929542796,0,0.0,0.7000507252017635,0,0.0,0.6773341373414985,1,0.0,0.6429840645224665,0,0.0,0.6703602331076324,0,0.0,0.4965980859777134,0,0.0,0.5017591651484176,0,0.0,0.6427376052198942,2,0.0,0.23734638237723513,0,0.0,0.7542840724997368,1,0.0,0.6655266261477748,1,0.0,0.6351463629156874,0,0.0,0.6141678399292343,8,0.0,-0.45
20.0,16,19.0,0.14728682170542637,8.06802725528815,1,2.0,0.6343789348837886,0,0.0,0.5392222608124981,2,0.0,0.5046895480165902,1,0.0,0.7732998622718664,1,1.0,0.6393264181901424,0,0.0,0.598131743157092,2,2.0,0.4848953289075469,1,0.0,0.5922713056012165,1,3.0,0.5651657092409599,1,3.0,0.5449851782874969,3,5.0,0.4974807734669258,0,0.0,0.7385187117007183,1,0.0,0.6952862219202598,0,0.0,0.4646924053777018,1,3.0,0.45245238389535836,1,0.0,0.4928025675120821,16,19.0,-0.9
25.0,32,100.0,0.6369426751592356,7.335844986856277,0,0.0,0.7044173946349187,3,5.0,0.3826733817269361,0,0.0,0.7793380228413469,0,0.0,0.5932095495506298,4,12.0,0.48692108203673456,3,2.0,0.547224489653788,4,18.0,0.32697427533063605,1,0.0,0.6706948590727859,2,10.0,0.6984138123890575,5,11.0,0.4024837622913409,5,22.0,0.2041653822074796,0,0.0,0.6336412109371227,1,4.0,0.6062353314656957,1,4.0,0.6135926929557547,3,12.0,0.4037453206489291,0,0.0,0.6274898878462387,32,100.0,-1.8
30.0,50,265.0,1.3802083333333333,6.494801252473546,0,0.0,0.6139352186840163,3,18.0,0.5002494357416319,1,5.0,0.5814758081699424,3,5.0,0.4752390231576498,6,40.0,0.41679490650625955,2,7.0,0.524770953939472,5,26.0,0.5028822355787155,0,0.0,0.698850287177807,4,21.0,0.3713806933424172,5,30.0,0.39572119808706224,6,47.0,0.3496641151651682,4,7.0,0.2496604628481908,3,16.0,0.40252468298078703,1,9.0,0.6505761301938432,4,32.0,0.46014007834524245,3,4.0,0.5185273539047206,50,267.0,-2.8125
35.0,71,524.0,2.3392857142857144,5.874403755858966,2,4.0,0.4145928077310248,5,37.0,0.29997066148802437,3,16.0,0.36297207549721844,2,11.0,0.5518121922525467,9,76.0,0.28540754562518095,4,24.0,0.5316590394025013,7,51.0,0.44616803162215357,3,5.0,0.44901858189061267,6,43.0,0.3029485250409062,8,67.0,0.38468165628024537,6,77.0,0.4461432033526644,5,29.0,0.36225671688506594,5,36.0,0.4443230323517134,3,20.0,0.43497052529621383,2,34.0,0.47662991906702,1,9.0,0.6797094061566149,71,539.0,-3.99375
40.0,98,797.0,3.0653846153846156,5.36099279178488,5,25.0,0.15860557602640968,4,47.0,0.3780160435765569,5,41.0,0.43423571338467504,4,27.0,0.35055902510772186,10,104.0,0.21833505236977419,7,48.0,0.4645434463370549,6,54.0,0.35981459366650814,6,27.0,0.3464248255363375,9,76.0,0.3894776444451459,11,107.0,0.36714871498421414,7,109.0,0.3695439409637339,8,59.0,0.31743130069628694,5,63.0,0.4855340693965824,3,22.0,0.4281892421557674,6,53.0,0.39886640301018195,2,14.0,0.6691359737367769,98,876.0,-5.5125
45.0,119,1195.0,4.267857142857143,4.983545032000807,6,44.0,0.2150671063921906,7,66.0,0.38423915192678054,7,76.0,0.4963044557245952,4,30.0,0.2931427803513977,13,127.0,0.18217506626138885,9,89.0,0.36502915653634177,7,57.0,0.3434915207527773,5,44.0,0.4841905965578382,10,119.0,0.32908215066821284,13,164.0,0.2165909228563404,13,163.0,0.3349268481333696,9,96.0,0.2615546044123528,7,94.0,0.38898678679701415,1,13.0,0.5955490084222089,8,87.0,0.2894578249418383,0,2.0,0.5796451372049337,119,1271.0,-6.6937500000000005
50.0,129,1549.0,5.078688524590164,4.538847491602583,5,65.0,0.3693896864738555,6,93.0,0.33615261097397797,9,102.0,0.3900990004188187,3,27.0,0.47105097089604353,10,150.0,0.263824340156172,9,110.0,0.22643874034859338,6,66.0,0.23558476369145556,6,70.0,0.34458213743733673,14,176.0,0.13936551244846768,17,236.0,0.16077992887693646,11,198.0,0.3770942121636682,8,121.0,0.3366174719939424,10,139.0,0.3329767815194826,2,14.0,0.5458855393767358,11,134.0,0.2579078040328505,2,7.0,0.6471106477598179,129,1708.0,-7.2562500000000005
55.0,158,2004.0,5.911504424778761,4.083405196302129,6,92.0,0.4782751241022625,8,129.0,0.26390865697600857,16,162.0,0.23330735965928862,4,46.0,0.48844091175010046,11,167.0,0.2603293287385283,12,157.0,0.28577368175095197,9,102.0,0.3500155384689207,8,110.0,0.37425975157744124,14,189.0,0.06195308614114332,18,316.0,0.15562688924796356,15,256.0,0.3138002272860805,8,131.0,0.3210629650252211,11,161.0,0.23160386227349547,3,25.0,0.3736196205755098,10,158.0,0.20349013661808585,5,21.0,0.47578737330315574,158,2222.0,-8.8875
60.0,158,2357.0,6.404891304347826,4.201006894888773,3,74.0,0.4082343947334403,8,160.0,0.27448055192840676,12,198.0,0.27668040239741176,1,42.0,0.3515785758701979,10,212.0,0.3073574813406214,12,211.0,0.3202946366816571,8,109.0,0.4442381654384876,11,154.0,0.258375135078955,9,194.0,0.24558834291938303,17,401.0,0.3093022050211164,17,323.0,0.21989280936599007,11,178.0,0.2516064175773272,13,178.0,0.15740939485384767,7,49.0,0.31434345565693306,14,192.0,0.14784434117666898,5,37.0,0.46032388297613214,158,2712.0,-8.887500000000001
65.0,196,3041.0,7.58354114713217,3.993995823579426,5,52.0,0.39058329341121795,9,206.0,0.44543991534673844,16,251.0,0.23234417120352935,4,22.0,0.35091101024751475,16,274.0,0.16687605826919052,15,253.0,0.2849540665207097,13,134.0,0.3481732069424798,11,162.0,0.1648620551148212,8,203.0,0.27587220000103907,16,458.0,0.2644932639160681,20,426.0,0.24537275343842868,16,244.0,0.2707714246134843,15,240.0,0.12709692155049515,7,79.0,0.421326389795671,15,265.0,0.2551435255434877,10,72.0,0.33376629935347013,196,3341.0,-11.025
70.0,211,3229.0,7.338636363636364,3.716588956234822,7,78.0,0.2882570704240391,8,242.0,0.4353196798423509,15,243.0,0.30232116888843,6,43.0,0.2184317418893951,17,284.0,0.12594165428071105,15,316.0,0.27608216681037584,12,178.0,0.314283673984001,10,156.0,0.2592068719155062,14,265.0,0.23812942844443433,20,544.0,0.19959549916879454,21,517.0,0.19894655742317022,16,263.0,0.3172873598629592,13,255.0,0.19379813207232743,10,104.0,0.3788175893961877,16,326.0,0.1693497137888236,11,106.0,0.17312460527303355,211,3920.0,-11.86875
75.0,234,3784.0,8.155172413793103,3.7617675710251604,10,123.0,0.23972471115345428,11,283.0,0.26401725548991656,14,208.0,0.307920841174964,9,79.0,0.3064661368399888,16,278.0,0.19418273349779125,19,351.0,0.20127688016470144,16,232.0,0.2610848826835079,10,179.0,0.34456038292306523,16,325.0,0.2458802454122567,22,652.0,0.1741510376365863,28,622.0,0.21549497932232295,14,256.0,0.25565907068380866,10,221.0,0.2837880510632595,12,149.0,0.28380659571311523,15,372.0,0.2862291929826383,12,145.0,0.29937775381095133,234,4475.0,-13.1625
80.0,246,4395.0,8.878787878787879,3.3291667595162515,9,150.0,0.2566372270889543,17,354.0,0.18842752471249752,16,253.0,0.1281368338044367,6,104.0,0.43976038653948457,9,308.0,0.2157953218131908,21,426.0,0.20237274731555624,20,318.0,0.2127188802068309,14,224.0,0.235161628661044,20,372.0,0.21973087665752822,26,765.0,0.20162249511001962,28,749.0,0.1998424705323403,11,292.0,0.24642646083523762,7,211.0,0.27258557249842136,18,224.0,0.17136839630832432,14,392.0,0.23655981047839134,10,150.0,0.30574214802592137,246,5292.0,-13.8375
85.0,276,4779.0,9.016981132075472,3.4173147404895188,7,163.0,0.3197647665061212,21,449.0,0.21238095670544346,18,292.0,0.1589388561240216,6,110.0,0.4611084108839747,7,316.0,0.24939783763664003,20,420.0,0.24563994301364733,27,435.0,0.1960275904835075,16,295.0,0.20446837262807574,23,478.0,0.2291635726666607,22,783.0,0.2713901601995962,34,905.0,0.16782429189570566,15,340.0,0.2392898405281094,4,169.0,0.30932230457746157,24,327.0,0.1511175547269716,19,446.0,0.21769479006313514,13,180.0,0.2801521121814852,276,6108.0,-15.525
90.0,296,5429.0,9.746858168761221,3.1885707241618557,6,190.0,0.2961443960300486,19,472.0,0.28880541041918495,16,358.0,0.1556148993816054,8,113.0,0.45813051408802724,8,323.0,0.32889318115918076,19,291.0,0.19792921649053705,26,490.0,0.1917507976994754,17,342.0,0.20553995800445193,31,619.0,0.11729496967820129,23,740.0,0.18807374391576528,39,1088.0,0.09728048366502028,18,389.0,0.22474456843299373,7,150.0,0.3739009274713366,27,454.0,0.23983917173226335,21,546.0,0.21512878494562668,11,195.0,0.27616107970181625,296,6760.0,-16.650000000000002
95.0,339,6451.0,10.97108843537415,2.9089080793725564,11,231.0,0.16653136132062601,21,546.0,0.27069051686036144,17,406.0,0.19707780911969652,12,162.0,0.36998707024760624,14,326.0,0.29172295535914283,26,371.0,0.26004476628216194,25,499.0,0.23101759909962902,14,370.0,0.26769996832715254,33,674.0,0.11261453825483739,26,854.0,0.1323665435222507,41,1287.0,0.05634060240365618,21,456.0,0.17782797447366175,11,193.0,0.2824155827252171,28,591.0,0.19833963100769272,24,653.0,0.17358985214455255,15,202.0,0.2103518361955036,339,7821.0,-19.06875
100.0,366,7072.0,11.297124600638977,2.6420992468120406,15,279.0,0.11610775992945879,24,563.0,0.24217844265692176,19,466.0,0.21738753958015064,13,224.0,0.23683228761809313,13,381.0,0.2178540586989072,30,499.0,0.26520411627622337,27,564.0,0.17964697677117503,14,344.0,0.25917524429276406,32,740.0,0.14233509724914,30,978.0,0.15222368502150602,39,1449.0,0.10346450430793394,29,548.0,0.13974548113823654,14,222.0,0.27393299885588257,30,714.0,0.1413560931215081,26,662.0,0.0812468343498121,11,222.0,0.27854616027310475,366,8855.0,-20.587500000000002
105.0,373,7247.0,11.521462639109698,2.6576478230480878,10,312.0,0.3220968714723722,24,529.0,0.24556270534964683,18,508.0,0.1590732320333823,14,254.0,0.27651969470655385,19,466.0,0.14128956982796925,31,626.0,0.17429314340788218,29,634.0,0.14393003671853577,17,301.0,0.23518203191882076,31,825.0,0.16784299625762866,29,973.0,0.1355068173786332,36,1571.0,0.11408591645889074,28,619.0,0.1651022084329205,16,277.0,0.3197030832163326,34,870.0,0.07883516823308728,24,610.0,0.13156313226931096,13,258.0,0.2861191323073699,373,9633.0,-20.98125
110.0,380,6842.0,10.929712460063898,2.1927536611406206,9,346.0,0.4095318895990002,21,626.0,0.17090417099191227,23,563.0,0.10520345941351343,12,244.0,0.19182032974010385,23,578.0,0.12138620823526407,32,713.0,0.14719327473595692,33,730.0,0.14377742528266885,19,354.0,0.17995384061012218,24,855.0,0.11822011112232951,26,749.0,0.10835328713410665,36,1586.0,0.1761971720265629,29,678.0,0.15634951357604185,18,359.0,0.16381887864235048,33,981.0,0.015267795668216533,21,682.0,0.09433188298817492,20,344.0,0.21146159214337631,379,10388.0,-21.31875
115.0,393,7017.0,11.263242375601926,2.095975625805584,13,397.0,0.15983660591840854,23,716.0,0.0839731959119995,25,603.0,0.12920794779768674,13,262.0,0.25365391633083073,29,719.0,0.09246407650266399,34,713.0,0.12746531629203206,31,777.0,0.09204298941430449,17,381.0,0.20440603492261156,21,836.0,0.1220911246319621,24,675.0,0.2788441129999062,33,1437.0,0.19554685079580003,31,814.0,0.030560105976641796,23,466.0,0.10156925938874443,28,1052.0,0.04799746210593415,23,792.0,0.10169594567093654,25,419.0,0.14936653718973378,393,11059.0,-22.10625
120.0,400,7972.0,12.796147672552166,1.8172298210697524,18,475.0,0.03873851256864001,26,769.0,0.06112666171427106,26,708.0,0.09542058287060447,14,306.0,0.13670600552164075,29,773.0,0.11507893012147065,29,794.0,0.12285995050994816,29,744.0,0.11073791226306814,14,414.0,0.16468136707906794,27,834.0,0.07529611222800049,21,716.0,0.26263634803479424,28,1488.0,0.16309039920665622,35,969.0,0.04892290701974,23,581.0,0.10105036643505329,24,1083.0,0.07849997083583064,27,923.0,0.17170076251043478,30,554.0,0.061267528040945096,400,12131.0,-22.5
125.0,445,9319.0,14.982315112540192,1.506024297568603,16,455.0,0.12884631371523167,27,836.0,0.03591901496438218,26,791.0,0.044343058617309895,21,369.0,0.06731788430614319,28,854.0,0.10204905378685321,35,903.0,0.11518605537145657,26,783.0,0.14764315795834865,20,505.0,0.13215370480897184,35,988.0,0.030662752315181868,28,747.0,0.1646040044320891,37,1621.0,0.09912455997776984,35,1146.0,0.09497225443503428,23,680.0,0.09839398482779134,25,1154.0,0.14736589385534601,31,1068.0,0.07078069452619024,32,711.0,0.0023806524271407065,445,13611.0,-25.03125
130.0,470,10621.0,17.075562700964632,1.3267876332750006,11,395.0,0.13643822921274473,25,931.0,0.07282116907211629,30,908.0,0.082263602816652,22,464.0,0.034073652746003415,27,903.0,0.14668137208740772,40,987.0,0.09479281972626136,28,822.0,0.1341357893082276,21,561.0,0.0694562268954496,38,1174.0,0.062913632674025,32,858.0,0.13086549508288586,47,1841.0,0.034408385257791184,31,1261.0,0.07587633390746615,24,782.0,0.027069104631571177,25,1262.0,0.11096277726380716,39,1247.0,0.026807528298008403,30,839.0,0.011677795267824745,470,15235.0,-26.4375
135.0,477,11882.0,19.22653721682848,1.1321725264456601,11,358.0,0.1053921581332917,23,977.0,0.08578800775006945,26,957.0,0.10995169897610284,22,542.0,0.03589113678782186,24,946.0,0.08115809123540167,35,1049.0,0.1259274651306333,32,910.0,0.1435557779739693,21,595.0,0.07906510930193447,34,1314.0,0.04087885029452121,34,965.0,0.0757231286716056,48,2054.0,0.04592771812762603,35,1404.0,0.03256870878697432,26,909.0,0.00761051982359333,30,1402.0,0.024651028933792153,44,1459.0,0.013234589452836783,32,996.0,0.03984938773191476,477,16837.0,-26.83125
140.0,460,12556.0,20.383116883116884,1.2762289351749034,10,350.0,0.07511663212912863,27,1056.0,0.0960753527146497,20,908.0,0.11879990595902909,18,544.0,0.10858474636829618,23,922.0,0.12743064423309852,34,1205.0,0.1421691333588032,29,969.0,0.14364234416431937,20,693.0,0.07672156530179937,35,1469.0,0.03471148519567759,34,997.0,0.022057873016618483,45,2221.0,0.08518053731832596,31,1458.0,0.08949906825916223,27,1044.0,0.02833819947415257,28,1518.0,0.012706003779151343,45,1659.0,0.008045430030425316,34,1159.0,0.020642969924570542,460,18172.0,-25.875
145.0,427,12902.0,21.15081967213115,1.4599727819226744,5,347.0,0.11129680632149395,25,1083.0,0.12781894319960527,23,997.0,0.0873708442268084,14,508.0,0.08540962358089978,25,931.0,0.11098402383477161,43,1366.0,0.11706304461599089,24,921.0,0.11288348570009595,19,793.0,0.07281274793729003,27,1424.0,0.08853781090982323,27,914.0,0.11463715102688818,46,2394.0,0.06090994256190414,27,1413.0,0.1141108395577758,27,1177.0,0.023528887778589757,27,1614.0,0.060033873096406586,36,1732.0,0.04183117936329309,32,1307.0,0.05215223173556094,427,18921.0,-24.01875
150.0,439,13538.0,22.26644736842105,1.5413492443048822,9,364.0,0.10796887997484264,18,1106.0,0.11448024327119698,28,1106.0,0.13700773536403738,11,504.0,0.10301073760455377,30,942.0,0.16087467766308003,57,1625.0,0.12239433029316317,27,880.0,0.15714338126726848,23,904.0,0.03798436661017949,17,1365.0,0.13250114885835762,23,931.0,0.15429498668559627,51,2641.0,0.04277434284147392,24,1516.0,0.06960385042909285,22,1200.0,0.02143322609121312,29,1753.0,0.04511794054542606,36,1684.0,0.08577212100133445,34,1457.0,0.09438374206024011,439,19978.0,-24.69375
155.0,447,14183.0,23.404290429042906,1.3961134856250232,8,372.0,0.10004345554590666,22,1148.0,0.11111973879873091,25,1061.0,0.11355244049458865,10,448.0,0.061621514074020674,31,1044.0,0.16450487407745165,62,1923.0,0.09437892215727667,28,944.0,0.040000951386917435,24,978.0,0.059095052975267945,18,1442.0,0.15571673762311017,26,968.0,0.06982976758075192,55,2911.0,0.06805958446940877,26,1640.0,0.06007703580817407,15,1129.0,0.09732346817174603,31,1907.0,0.07663364790837078,32,1791.0,0.0420026222097983,34,1629.0,0.0581085417661366,447,21335.0,-25.14375
160.0,446,15216.0,25.27574750830565,1.3511180811656238,5,338.0,0.09993563995687343,22,1104.0,0.1218784036737857,27,1005.0,0.08159737828187905,8,464.0,0.23914278169566727,34,1176.0,0.08106178146072082,55,2072.0,0.07508074740238456,28,1016.0,0.07094368384329823,22,903.0,0.08353140375060407,22,1545.0,0.11257688736442696,30,1071.0,0.020319248872495876,52,3148.0,0.05375242176212722,28,1773.0,0.04341212297269348,14,1087.0,0.10411614711059092,29,2030.0,0.14144533273955318,33,1920.0,0.024299576027861754,37,1808.0,0.02577498765031817,446,22460.0,-25.087500000000002
165.0,462,16217.0,27.028333333333332,1.2480970367084352,5,361.0,0.23062401569403268,22,956.0,0.1585279506750654,27,1131.0,0.0718092067255089,11,516.0,0.14719688565216404,32,1215.0,0.021817179539368625,51,2103.0,0.04409561505819962,33,1174.0,0.07595509820742478,24,948.0,0.06567364168813755,22,1526.0,0.11441147082389168,31,1208.0,0.04400770559413799,57,3405.0,0.030218389441443748,32,1932.0,0.08006212435550822,14,1067.0,0.04089212614177794,30,2163.0,0.18993551942857062,31,1979.0,0.05310523363631255,39,1999.0,6.608584295502661e-05,461,23683.0,-25.931250000000002
170.0,438,16206.0,27.328836424957842,1.3863722260479734,9,397.0,0.26808171973381395,20,972.0,0.09103905210020354,27,1265.0,0.08437464099191756,19,594.0,0.08127284987841767,24,1114.0,0.10265622529448648,48,2307.0,0.05617026127610215,32,1245.0,0.11563976808949095,19,998.0,0.08261132160605085,23,1517.0,0.07238862453208336,25,1199.0,0.153385238584086,54,3673.0,0.019132856928831894,31,1930.0,0.05049657380330467,14,1119.0,0.10496097749104283,24,2167.0,0.15105812251364117,30,1956.0,0.07253562490175791,39,2198.0,0.037329814438212275,438,24651.0,-24.6375
175.0,403,16139.0,27.354237288135593,1.6404946830671416,7,345.0,0.20662263904187933,21,1035.0,0.06619350200296564,22,1291.0,0.08170608548138861,20,693.0,0.001110350250296802,15,1066.0,0.1380444673100482,48,2509.0,0.10839255544957274,32,1316.0,0.12637422840786453,13,987.0,0.13959256114269675,23,1535.0,0.06829341671536367,18,1061.0,0.18673576049983304,54,3936.0,0.0793682297742746,23,1746.0,0.09078077674193771,14,1191.0,0.1987544098826787,23,2054.0,0.11094638851196055,30,2090.0,0.08984799251375979,40,2396.0,0.0376605406543189,403,25251.0,-22.66875
180.0,403,16136.0,27.48892674616695,1.6708724780307425,10,269.0,0.2210836271572888,24,1120.0,0.14775657550113253,19,1215.0,0.1281274863144411,18,728.0,0.1496170535658862,15,983.0,0.15617383968006535,52,2617.0,0.08639466864285425,33,1392.0,0.11798532974849926,7,877.0,0.11531006787417679,20,1488.0,0.06506457863364405,18,945.0,0.18197099120242036,54,4206.0,0.10538740724706182,21,1833.0,0.08403366676747445,15,1263.0,0.08024058096296943,23,1947.0,0.04202673013735574,32,2245.0,0.056639719944506936,42,2603.0,0.052226513728817,403,25731.0,-22.66875
185.0,413,16416.0,28.10958904109589,1.467613229979722,9,272.0,0.19901716861506344,26,1232.0,0.10881266560094748,24,1325.0,0.10512881341518514,15,678.0,0.11527914953482755,18,950.0,0.11032077739645256,48,2613.0,0.12116342746508499,30,1416.0,0.1526485549633469,12,722.0,0.12449247396824722,12,1540.0,0.11330351518549206,19,905.0,0.21612317768487774,54,4472.0,0.042810753767848854,27,1954.0,0.045341998434632165,19,1352.0,0.01723948568555176,22,1925.0,0.04203459120617169,35,2415.0,0.01823635216097121,43,2815.0,0.02548006856108943,413,26586.0,-23.23125
190.0,434,17523.0,30.21206896551724,1.3943835281820527,6,218.0,0.1006167561174676,24,1256.0,0.12407391641182297,27,1455.0,0.16596026419723414,14,575.0,0.14459928951970696,20,968.0,0.11758108061792828,55,2738.0,0.08504352916063154,30,1391.0,0.12359802100783046,12,702.0,0.07913225982204375,16,1567.0,0.07203491531972085,16,844.0,0.21425914511431718,55,4747.0,0.01278831094831333,33,2112.0,0.09803007934133344,20,1453.0,0.07746303283383354,21,2025.0,0.028981602531018804,39,2602.0,0.024210157942313036,46,3040.0,5.7790696592248226e-05,434,27693.0,-24.4125
195.0,437,17867.0,31.01909722222222,1.316418005684013,2,198.0,0.1955746650796853,20,1180.0,0.12811589180194508,24,1382.0,0.16299010190563687,16,649.0,0.07006715598454734,21,997.0,0.14166879380967798,48,2785.0,0.12614846204139502,30,1317.0,0.11153360624238805,18,776.0,0.0018905159727709271,21,1665.0,0.04102827677845721,19,752.0,0.10923863178778719,55,5024.0,0.05962144695507446,37,2288.0,0.012380530161353074,20,1553.0,0.07863032641810606,20,2127.0,0.05839512746835808,40,2802.0,0.01912501960049128,46,3270.0,1.6716962352554426e-07,437,28765.0,-24.58125
200.0,420,17131.0,30.10720562390158,1.2945578957903638,6,206.0,0.17624289568806087,22,1206.0,0.12728897913263376,21,1102.0,0.11846328357089139,19,739.0,0.025901209803969354,23,1106.0,0.14808545648154617,37,2825.0,0.12017729044541267,27,1239.0,0.09375229499158921,19,870.0,6.945835082494907e-06,22,1636.0,0.02131011359171314,19,827.0,0.07379000966648384,55,5303.0,0.08282866454153846,35,2327.0,0.012044045711192677,20,1651.0,0.03152036353791155,19,2094.0,0.10009739926794901,36,2764.0,0.022757609388678077,40,3253.0,0.013765530555016588,420,29148.0,-23.625
205.0,409,17350.0,30.76241134751773,1.354039883201015,7,171.0,0.09595890599386157,27,1258.0,0.03026996511413647,17,1098.0,0.13948711054906537,19,834.0,1.3541153783860767e-06,25,1177.0,0.047243022179255946,48,2766.0,0.06602860424157339,26,1328.0,0.12869846129195825,19,965.0,0.0,17,1657.0,0.043275513671634895,19,917.0,0.13303938394251388,57,5581.0,0.04758265847651242,30,2356.0,0.09542476549300659,20,1757.0,0.10909942579689567,17,1928.0,0.07734432514106263,31,2844.0,0.046190670271289286,30,2995.0,0.08639750590105906,409,29632.0,-23.00625
210.0,404,17219.0,31.137432188065098,1.4750826898882359,8,208.0,0.00017769101653107865,30,1404.0,0.016002109072369056,20,1049.0,0.11918863204915676,16,861.0,0.08796946670088088,27,1308.0,0.04117237586504723,53,2752.0,0.02773503950126987,31,1446.0,0.12451537719542805,19,1062.0,0.09037766957815924,12,1530.0,0.06614035832005288,20,1006.0,0.21023738098581307,54,5563.0,0.06372004463715081,26,2492.0,0.12968311902255295,21,1859.0,0.18842880329743378,16,1766.0,0.09602582518064516,26,2689.0,0.05292903906405851,25,2655.0,0.1271266680822192,404,29650.0,-22.725
215.0,393,17179.0,31.234545454545454,1.5396000222214832,8,248.0,0.0,30,1554.0,0.102280534607978,24,1150.0,0.04952855969139053,15,872.0,0.07211724190964522,26,1386.0,0.019235627314975197,40,2600.0,0.08065839453213457,36,1615.0,0.07266499519630341,19,1157.0,0.0910632666491874,11,1390.0,0.08915352467594274,23,1103.0,0.19626776797409576,45,5170.0,0.11069565073088639,25,2617.0,0.0947072572649782,23,1969.0,0.094871772574379,17,1605.0,0.1451956819452459,24,2704.0,0.08528550287439654,27,2739.0,0.09049779641024008,393,29879.0,-22.10625
220.0,396,17515.0,31.903460837887067,1.3585875229578888,5,224.0,0.04913560690821344,24,1515.0,0.13912234568447562,30,1290.0,0.06565675800848578,18,945.0,0.00019475297164965344,25,1447.0,0.038401721281014,35,2682.0,0.08357649770907569,41,1792.0,0.017636165258932492,18,1140.0,0.012651659524568778,12,1448.0,0.1402067048870023,27,1234.0,0.2493588664734802,38,5211.0,0.0945890357008515,24,2520.0,0.06506099704163183,26,2092.0,0.05220930690136098,16,1454.0,0.13888876126460764,26,2727.0,0.07162454378033088,31,2889.0,0.03666928462000886,396,30610.0,-22.275000000000002
225.0,393,17951.0,32.998161764705884,1.3728949065106102,1,130.0,0.3404557789868279,25,1462.0,0.1456547627336849,26,1214.0,0.08217580439795219,18,1035.0,0.0444806013190835,21,1487.0,0.021208197761000774,36,2704.0,0.0970819825797902,37,1935.0,0.12673509228141422,16,1135.0,0.07854746250706428,15,1517.0,0.05539948775286932,31,1379.0,0.10864067806732468,42,5412.0,0.04929149298490376,20,2323.0,0.08129774631932629,23,2170.0,0.021258221325876882,17,1309.0,0.14754918142459128,30,2603.0,0.04952270920139517,35,3056.0,0.027124015714117083,393,30871.0,-22.10625
230.0,380,17649.0,32.68333333333333,1.4719493612302728,1,72.0,0.60566187981018,23,1505.0,0.16928244758953925,18,946.0,0.12524474495943327,18,1125.0,0.04848527912280247,19,1465.0,0.049314421734285824,36,2820.0,0.11627099023399362,42,2079.0,0.12574296499036802,17,1217.0,0.0756485672719042,17,1491.0,0.01979274312695037,30,1449.0,0.08671115143307721,42,5404.0,0.04454771476087993,18,2203.0,0.0813839974047497,19,2182.0,0.039994174395205306,18,1399.0,0.16902729953232054,23,2392.0,0.028078501926447532,39,3245.0,0.0001276133397283402,380,30994.0,-21.375
235.0,377,17550.0,32.62081784386617,1.6275356508955248,2,31.0,0.4205511052698383,24,1540.0,0.1845199611756246,16,794.0,0.24389789814956347,18,1215.0,0.0,21,1571.0,0.07852229455784551,44,2923.0,0.08070611781726492,39,2185.0,0.08824967780874904,19,1309.0,0.02811640322146914,16,1573.0,0.06364753513046376,30,1439.0,0.16135274939321603,37,5195.0,0.11200190774261198,20,2168.0,0.04592498982404607,14,1958.0,0.04334901665696058,21,1499.0,0.14861025982879708,17,2445.0,0.02503472781450694,39,3440.0,0.0,377,31285.0,-21.20625
240.0,382,17329.0,32.390654205607476,1.6086200208216963,3,43.0,0.056571012478866346,29,1607.0,0.14198325856569083,18,861.0,0.20069887895942135,18,1305.0,0.0,25,1687.0,0.0005730024762590297,47,2946.0,0.04698467784711529,39,2255.0,0.10708720408616595,17,1368.0,0.012774978495348132,11,1467.0,0.20247607177037294,27,1484.0,0.13754227875474279,35,4939.0,0.12356276438339914,22,2258.0,0.03811569021476065,12,1523.0,0.06338986949009351,22,1418.0,0.13446968415482763,18,2514.0,0.01756832208451183,39,3637.0,0.02484680948085565,382,31312.0,-21.4875
245.0,378,17501.0,33.02075471698113,1.6520074058182943,5,64.0,0.00014358714735285594,29,1667.0,0.1191015339573437,29,990.0,0.1246637382870713,18,1397.0,0.04867714127838121,26,1819.0,0.08515780524473261,41,2659.0,0.10075086397546969,38,2322.0,0.10880096448283182,16,1405.0,0.029269960073743415,5,1271.0,0.22057850547231644,30,1555.0,0.10103935196822275,36,5022.0,0.07758129423096839,25,2379.0,0.03692798347476283,9,1574.0,0.11932320885839125,19,1244.0,0.13676193044541854,13,2433.0,0.10821467913558053,39,3709.0,0.0022177887897854914,378,31510.0,-21.2625
250.0,375,17885.0,33.87310606060606,1.579346095673746,5,89.0,0.1589344055755035,29,1696.0,0.09093069108625765,28,1054.0,0.11214643929482412,18,1487.0,0.036782854499895504,23,1899.0,0.12294616503807013,36,2636.0,0.13547590142699056,42,2496.0,0.10678640049774055,13,1352.0,0.06656359211821188,6,1189.0,0.1626510719557181,28,1424.0,0.07901736405357573,40,5218.0,0.07775047386022944,26,2476.0,0.04495654758496101,8,1612.0,0.1738126308493678,19,1122.0,0.042309884097369285,14,2314.0,0.13079005560151924,40,3907.0,0.01942195896371266,375,31971.0,-21.09375
255.0,387,17482.0,33.55470249520153,1.5809100519134658,5,114.0,0.15741631444896728,31,1846.0,0.06304944367304434,29,1061.0,0.05222304296233239,19,1579.0,8.715786950736809e-05,27,2005.0,0.10952480309706175,33,2770.0,0.13164728393906955,44,2714.0,0.093504085624654,8,1164.0,0.26150219570218797,12,1240.0,0.2327416376490837,23,1069.0,0.1302290340119234,38,5017.0,0.09351707909278735,30,2597.0,0.040610697602722234,12,1667.0,0.16717557926817156,18,966.0,0.05085139077680405,17,2285.0,0.12683438515748316,41,4108.0,0.04885919256275055,387,32202.0,-21.76875
260.0,379,16063.0,31.12984496124031,1.220207780413986,6,141.0,0.1419042267375185,36,2016.0,0.05555150299488666,32,1213.0,0.002662570265510412,13,1438.0,0.035806691852450535,26,2063.0,0.021402098614981924,38,2899.0,0.06710365259671613,48,2945.0,0.0713341355178275,4,1078.0,0.2297690554298941,17,1317.0,0.14126983705981397,12,959.0,0.17577917920620062,30,4410.0,0.08087731577849123,33,2756.0,0.05527328161849897,15,1736.0,0.13307827574836403,11,864.0,0.08708169798837491,15,2231.0,0.12442180953288817,43,4318.0,0.0048213371404283775,379,32384.0,-21.31875
265.0,390,15490.0,30.492125984251967,1.2108264218808826,2,78.0,0.3716358856538053,37,2200.0,0.04962086585196282,34,1382.0,0.0007114346238220762,8,1130.0,0.08915031389246465,22,2099.0,0.08926644662259153,48,3112.0,0.032601851673419745,52,3196.0,0.0018616842152599084,7,1107.0,0.1278321889377263,21,1416.0,0.07043042704116396,18,949.0,0.1347393105941827,21,4229.0,0.12706276156460927,34,2924.0,0.0006649975350331938,18,1820.0,0.014767492930328334,10,517.0,0.2868736050494611,14,1893.0,0.2574577299844044,44,4521.0,3.5040021518130594e-06,390,32573.0,-21.9375
270.0,375,14461.0,28.864271457085827,1.263731872797164,2,60.0,0.19997578502576602,37,2381.0,0.008552927901212315,29,1459.0,0.019680821768559106,4,1142.0,0.1290681525078582,16,1898.0,0.11468911110086291,46,3160.0,0.03818731271471453,51,3407.0,0.005021715522444869,12,1160.0,0.05649273068297959,20,1401.0,0.07890117942360043,21,973.0,0.15428616608286616,13,4115.0,0.1962501408836353,36,3104.0,0.0,18,1910.0,3.349967665701448e-06,13,517.0,0.20465229111759237,13,1957.0,0.24136244627638612,44,4741.0,0.0,375,33385.0,-21.09375
275.0,348,13606.0,27.266533066132265,1.5986715909604552,3,72.0,0.33919635132292836,37,2566.0,0.02220409730924646,23,1429.0,0.09031840231449291,5,1165.0,0.10800663990477702,12,1418.0,0.16153677962399218,38,3030.0,0.06635156611056024,44,3427.0,0.03581602521992989,12,1105.0,0.11703862029487473,13,1233.0,0.1611167572562193,26,997.0,0.19039120269464233,18,4186.0,0.15332771659275263,33,3174.0,0.008355403880815323,15,1808.0,0.017222853231239163,13,450.0,0.2122269506685107,12,2019.0,0.09972399749973848,44,4961.0,0.0,348,33040.0,-19.575
280.0,345,13716.0,27.821501014198784,1.7202502198847243,3,85.0,0.40328763855652444,40,2762.0,1.4485812831608786e-05,22,1481.0,0.06952502549714121,8,1199.0,0.09936683830956074,8,968.0,0.2774922417405258,34,3024.0,0.06985994729406167,37,3453.0,0.10070380703914321,10,923.0,0.20264711267059166,16,1310.0,0.13673246422060273,32,1136.0,0.20334400744393055,30,4306.0,0.05871043016832941,29,3127.0,0.03896320361092996,10,1510.0,0.06561649164584189,9,443.0,0.19227200951053042,13,1919.0,0.08092931069393665,44,5181.0,0.009492308402287894,345,32827.0,-19.40625
285.0,356,14545.0,29.92798353909465,1.5139505247567129,3,100.0,0.3194623411216085,40,2966.0,0.02411359833809684,26,1567.0,0.10025030653685117,11,1247.0,0.06820886247426815,5,713.0,0.22166689972567913,41,3229.0,0.022528931240807026,36,3591.0,0.12875350656910586,5,828.0,0.20630734178257876,22,1411.0,0.14007210291766006,35,1303.0,0.0891915319788598,32,4403.0,0.08500666502939389,31,3113.0,0.02869447294702452,6,1203.0,0.1285587972892837,7,314.0,0.1816128019634255,12,1657.0,0.0905269446402827,44,5401.0,0.021885740719252502,356,33046.0,-20.025
290.0,356,15215.0,31.632016632016633,1.4449518251756301,4,119.0,0.18908265616925546,41,3170.0,0.022809668858167275,27,1699.0,0.12878699606026556,11,1166.0,0.03274745204127965,6,696.0,0.14059725568045978,39,3231.0,0.047914465204604184,38,3776.0,0.027686546307547695,8,859.0,0.1040531233472442,19,1477.0,0.15011984328190903,37,1487.0,0.0201933426141153,33,4539.0,0.11566950610021735,29,3258.0,0.04149868601047717,2,1150.0,0.21213203467938913,6,180.0,0.20455901648473787,12,1719.0,0.1734400405870786,44,5445.0,7.24269234627529e-05,356,33971.0,-20.025000000000002
295.0,373,16776.0,35.317894736842106,1.3838161084597327,6,144.0,0.00027884989936061643,39,3343.0,0.006730620463238285,28,1837.0,0.06877740744244584,6,943.0,0.16893125354011615,13,728.0,0.11181344221819856,34,3011.0,0.10280217433460477,45,3995.0,0.06552418160663313,11,906.0,0.13282104692724567,21,1523.0,0.05799802825774422,39,1682.0,0.06385590223092422,30,4645.0,0.09300070272696871,32,3411.0,0.0033676837817576805,4,1042.0,0.24463507143421379,8,203.0,0.21976848135195934,13,1784.0,0.19631338173104532,44,5665.0,0.0,373,34862.0,-20.98125
300.0,381,16775.0,35.61571125265393,1.1369006254765237,6,176.0,0.22537560528860462,40,3540.0,2.6746904189502103e-07,31,1987.0,0.006481070678556374,3,963.0,0.16256410545810648,17,806.0,0.09816106555903754,33,2922.0,0.03668875686980974,42,4068.0,0.10628003682761401,14,974.0,0.0784227999895311,17,1397.0,0.027127550096179166,33,1572.0,0.0754917631159265,31,4707.0,0.03540903387925936,35,3583.0,2.240302378863683e-05,9,1078.0,0.20186669612956926,11,251.0,0.1886579612233219,19,1870.0,0.09022371699387956,40,5675.0,0.008347964648391605,381,35569.0,-21.431250000000002
305.0,343,15335.0,32.97849462365591,1.394474531418121,2,127.0,0.3452246297921296,40,3742.0,0.0448494602451836,27,2041.0,0.020871982074006604,5,987.0,0.12025322435439986,11,700.0,0.10624478864851458,29,2725.0,0.07918763421929567,41,4058.0,0.10244202359724343,15,1047.0,0.058367743182852996,11,1283.0,0.17282934534193764,23,1349.0,0.12272268382542595,33,4806.0,0.0211707852396066,35,3758.0,0.026760307852570473,11,1132.0,0.193522544733183,8,231.0,0.1281733365239094,22,1953.0,0.020797243414203356,30,5494.0,0.025660971691704247,343,35433.0,-19.29375
310.0,324,15208.0,33.497797356828194,1.7550249290948179,0,35.0,0.2635754346128131,40,3944.0,0.08590708923847172,20,1984.0,0.08209816793440429,9,1024.0,0.06835698903435697,4,456.0,0.16917385500954393,27,2839.0,0.14812415938477594,44,4184.0,0.034688028725579925,15,1122.0,0.0,8,1194.0,0.3335261758032983,20,1123.0,0.1965471248289574,32,4953.0,0.008481354297222164,35,3933.0,0.02774565079564912,13,1192.0,0.15313762618203233,7,177.0,0.31718956781675767,25,2063.0,0.05453066960823917,25,4945.0,0.0820207183693848,324,35168.0,-18.225
315.0,311,14530.0,32.28888888888889,1.8549695537632367,2,10.0,0.34801937461101035,42,4149.0,0.09093216174052805,18,1814.0,0.03151769423910623,9,931.0,0.07185069409749383,4,240.0,0.43453304826344713,30,2980.0,0.0909569051844352,39,4208.0,0.048087943842242444,12,1123.0,0.042328920250889204,8,979.0,0.30660665127338366,16,1155.0,0.17985328365295128,32,5108.0,0.0038004601276658764,35,4110.0,0.04256713463584351,14,1260.0,0.13129830725774058,7,151.0,0.33077884338521213,21,2037.0,0.11748348624652798,22,4820.0,0.10286936725412393,311,35075.0,-17.493750000000002
320.0,320,14786.0,33.152466367713004,1.8270877388269062,0,6.0,0.709584783800921,44,4362.0,0.04175423998426553,16,1453.0,0.1421915267443452,6,704.0,0.3536939985835907,4,209.0,0.3283214316963825,35,3058.0,0.0362110604050479,35,4071.0,0.09324771865778353,12,1136.0,0.23260823942597209,10,864.0,0.1886896517501181,23,1220.0,0.11444983360140909,33,5275.0,0.07342819738825804,36,4289.0,0.019867323947466018,13,1132.0,0.026967644180921225,9,174.0,0.17235036020958375,16,1882.0,0.10566795200648577,28,4945.0,0.08827033549119234,320,34780.0,-18.0
325.0,314,15141.0,34.489749430523915,1.7119980697410868,0,4.0,0.7688289102472433,45,4589.0,0.032534773390104604,14,1526.0,0.14333704915741718,4,725.0,0.3063262913018818,7,181.0,0.308440458487644,34,3094.0,0.04842167167760171,29,4057.0,0.0644209465151557,12,1198.0,0.2831373835795671,11,527.0,0.166811346628984,25,1306.0,0.08405707944752513,28,4940.0,0.08469884217155703,37,4473.0,0.0009353048227573114,10,818.0,0.18177918848952657,11,201.0,0.01946817109421493,15,1877.0,0.04074346035564649,32,5093.0,0.057693491592495885,314,34609.0,-17.6625
330.0,319,15375.0,35.59027777777778,1.5489924396021635,1,8.0,0.6939972661038464,44,4801.0,0.011530132330538252,12,1591.0,0.16661046516425337,8,749.0,0.07947434310130577,10,226.0,0.18268204952034592,33,3255.0,0.03387347132164511,29,4175.0,0.04530299321979363,15,1267.0,0.10578535075287182,13,409.0,0.2241226045069083,29,1433.0,0.1142818323195298,20,4113.0,0.07739645780836246,38,4665.0,0.02355285309513698,4,741.0,0.29510104404706733,12,263.0,0.13202413110047606,18,1962.0,0.11893235091801009,33,4944.0,0.03363188927555762,319,34602.0,-17.94375
335.0,313,14970.0,35.140845070422536,1.4797612719695188,3,16.0,0.23901863198410228,39,4826.0,0.05798572615356644,11,1581.0,0.1383682253548577,8,657.0,0.10577280778694968,12,282.0,0.12898982025165237,38,3422.0,0.00021671255683771576,32,4327.0,0.03471456336851815,18,1349.0,0.023580700824867337,14,359.0,0.13010443918468576,25,1407.0,0.14901028338948816,12,3908.0,0.11137558845487092,32,4509.0,0.04215154515576209,5,684.0,0.15954939822056902,12,323.0,0.10972424239200541,21,2036.0,0.1064354306945955,31,4808.0,0.04802609505142029,313,34494.0,-17.60625
340.0,291,13939.0,33.42685851318945,1.6020924000033405,3,31.0,0.24040540324264828,37,4889.0,0.04853941344774211,13,1587.0,0.07611332620771152,7,443.0,0.23321512850897297,12,342.0,0.019342410606410884,38,3614.0,0.005968183389595242,31,4337.0,0.05719141008272722,18,1443.0,0.1217098825466656,11,368.0,0.13375145403413863,19,1210.0,0.1759920656994402,11,3953.0,0.1451471483769351,25,4065.0,0.06000804358227683,6,523.0,0.13344221762129477,14,387.0,0.18902670026823584,22,2140.0,0.04282727761816597,24,4557.0,0.06503609915838089,291,33889.0,-16.368750000000002
345.0,278,13100.0,31.71912832929782,1.7245513051281345,4,47.0,0.0004424488275820228,37,4880.0,0.025144039189793504,18,1502.0,0.06251464847395322,5,468.0,0.24151230363733953,13,408.0,0.1716959536733086,34,3600.0,0.041244847035167786,30,4233.0,0.08516970312962531,16,1515.0,0.24237572646060537,7,311.0,0.24241285015527442,25,1317.0,0.021009995069851937,15,4007.0,0.12671024563951877,19,3922.0,0.11639983439762285,2,299.0,0.19425656374039663,15,459.0,0.10071759521991348,21,2209.0,0.016516443555434898,17,3923.0,0.12808293068627433,278,33100.0,-15.637500000000001
350.0,282,12690.0,31.25615763546798,1.7362050449121582,4,67.0,0.0,37,4983.0,0.0318076464804423,15,1306.0,0.08209119076738566,9,506.0,0.19257006119283784,13,473.0,0.1631276561977783,27,3303.0,0.09838073620320903,27,4351.0,0.07726846787569364,18,1586.0,0.12862248523910355,8,272.0,0.2614026739887324,31,1463.0,0.06854943394013019,21,4090.0,0.08476347629804451,19,3577.0,0.187050484846112,5,318.0,0.06842199846136585,14,525.0,0.03142016868135215,21,2300.0,0.07037230988837968,13,3803.0,0.15736230110349667,282,32923.0,-15.8625
355.0,291,13019.0,32.5475,1.370094686200857,4,87.0,0.0,38,5171.0,0.0292689458866766,15,1379.0,0.09399681755267203,9,421.0,0.11013060631492276,14,540.0,0.0015410377780694369,27,3431.0,0.04823288537087991,32,4498.0,0.03794485003058422,20,1679.0,0.021213968132309267,9,262.0,0.1627925426382014,25,1569.0,0.1454736665612147,26,4210.0,0.09525683640017873,14,3179.0,0.18626085165285433,8,352.0,0.00027319912122265633,14,595.0,0.0,19,2395.0,0.11685887113921141,17,3887.0,0.0916036911029529,291,33655.0,-16.368750000000002
360.0,294,13897.0,35.54219948849105,1.1070211790909112,3,89.0,0.0,42,5375.0,3.49813480418137e-05,15,1447.0,0.04951207823806813,6,270.0,0.09422970050545552,15,614.0,0.06116973968563011,30,3580.0,0.02298947176043271,34,4656.0,0.013659901310725257,20,1777.0,0.06247852680121832,10,308.0,0.009027461308141757,24,1625.0,0.10133043774879177,26,4344.0,0.12169012637726713,11,2782.0,0.1392302089327646,5,352.0,0.03247199090927465,14,665.0,0.04596283276567413,20,2493.0,0.05696406542117707,19,3732.0,0.05703442623285891,294,34109.0,-16.5375
365.0,296,14818.0,38.19072164948454,1.3353529189153346,3,104.0,0.0,42,5585.0,0.0,14,1498.0,0.1254511524245138,5,294.0,0.13805080817268944,15,691.0,0.06808153722279148,32,3578.0,0.0019295293197841756,37,4829.0,0.014994828339131504,15,1635.0,0.12351569771439028,12,365.0,0.0001493190885115299,26,1754.0,0.042994490059479445,26,4474.0,0.1269990797763228,12,2513.0,0.1616488824969265,5,348.0,0.0,11,669.0,0.1678690941975991,22,2601.0,0.044840970243100554,19,3345.0,0.11637936518337083,296,34283.0,-16.650000000000002
370.0,283,15333.0,40.24409448818898,1.4777581462792828,3,119.0,0.0,38,5672.0,0.008003600839931067,16,1538.0,0.08346287839689077,7,325.0,0.14203886140425886,16,770.0,0.07974908440920273,29,3590.0,0.028381604975845572,38,5023.0,0.04351233998774158,12,1315.0,0.16678024906450134,7,334.0,0.08880776910834282,31,1901.0,0.09173905079894772,26,4606.0,0.032994613727938674,9,2318.0,0.18809856408887093,2,250.0,0.10117680873041021,12,643.0,0.23800041222778598,20,2684.0,0.06017913802140114,17,3178.0,0.122557817335601,283,34266.0,-15.918750000000001
375.0,270,15618.0,41.75935828877005,1.5945059435878495,3,136.0,0.2493640624003166,36,5715.0,0.0207177249384349,17,1472.0,0.06199854085572559,11,373.0,0.07351335817172006,16,848.0,0.11279586974273541,26,3390.0,0.04474752066939901,38,5215.0,0.037968770932081515,9,1008.0,0.11844157541571247,3,236.0,0.33533413501596654,25,1828.0,0.12643493785908433,26,4732.0,0.08269649085176284,12,1904.0,0.12075954500317733,0,66.0,0.5768329055978371,13,702.0,0.15365215215772607,21,2778.0,5.17456603405495e-05,14,3256.0,0.12158708715421356,270,33659.0,-15.1875
380.0,265,15665.0,42.11021505376344,1.8252123313957238,0,94.0,0.41354813715045197,37,5899.0,0.01134385180807079,16,1259.0,0.09633355369364721,12,433.0,0.07466845752945747,16,928.0,0.15047368122147325,27,3521.0,0.07432622306250564,37,5263.0,0.09833351488043757,8,1045.0,0.13415242919978304,3,154.0,0.5942517465983699,19,1535.0,0.14351444267543811,26,4864.0,0.10444412294159794,18,1980.0,0.12153087252178749,1,68.0,0.48062597278720814,14,769.0,0.11828771736822279,15,2566.0,0.03262902480014988,16,3335.0,0.08486449333021111,265,33713.0,-14.90625
385.0,258,15634.0,42.83287671232877,1.4441281480995645,0,0.0,1.0,38,6089.0,0.040076318644119355,13,1330.0,0.063469368537829,9,433.0,0.03903958220115076,17,1009.0,0.12851459151066846,30,3663.0,0.002504526241397114,34,5156.0,0.09238135573863476,11,1097.0,0.11485628408312924,4,96.0,0.42102775600078957,20,1624.0,0.13410021413701842,26,4994.0,0.053049521974257954,18,2066.0,0.08966361207901913,2,80.0,0.19436208555031445,9,663.0,0.20460375655375812,9,2044.0,0.11349687112726385,18,3424.0,0.016266283574985628,258,33768.0,-14.512500000000001
390.0,260,15494.0,43.52247191011236,1.39673495573274,0,2.0,0.44093984899187477,36,6243.0,0.06608545351894458,14,1396.0,0.0716833099079911,5,377.0,0.10700948822701646,14,882.0,0.09401761398355352,29,3727.0,0.010307834933109803,32,5061.0,0.06814163298099798,13,1122.0,0.17303455063902223,5,118.0,0.12407637507466253,26,1745.0,0.07444192258833618,27,5129.0,0.06555442330608086,23,2160.0,0.02616229402947012,4,96.0,0.3010126829349878,2,381.0,0.4635842328341236,6,2058.0,0.1048032521767172,24,3533.0,0.010733599875938523,260,34030.0,-14.625
395.0,252,15149.0,42.793785310734464,1.5290496053679965,0,2.0,0.6612831212235908,36,6397.0,0.031008965167738094,16,1468.0,0.07588103389587299,2,238.0,0.23902235493553356,10,593.0,0.16449327590766008,22,3548.0,0.08499661121043287,31,5213.0,0.08325571975018368,16,1195.0,0.13327709293139067,7,154.0,0.31848871189595535,25,1813.0,0.07159479481942513,23,4696.0,0.05303943944962021,28,2292.0,0.0012667690191359659,2,101.0,0.4373075689445172,4,371.0,0.22930300133191103,4,2082.0,0.08703219442929619,26,3658.0,0.0021724918006173544,252,33821.0,-14.175
400.0,264,15445.0,44.382183908045974,1.534693453476616,0,0.0,0.9495594273502462,33,6428.0,0.008552242957603642,19,1561.0,0.0986144714482798,5,143.0,0.14065125765697142,9,441.0,0.04982451422983374,28,3681.0,0.05789792212103895,34,5378.0,0.035953229711247,15,1084.0,0.01505968539502371,8,191.0,0.3572495088120124,25,1883.0,0.13563357247113705,16,3697.0,0.16320337925773057,24,2359.0,0.08163062454613414,2,106.0,0.12239645297612525,10,411.0,0.12621963150920307,7,2115.0,0.15741928308062828,29,3800.0,7.134687201503378e-05,264,33278.0,-14.85
405.0,247,15679.0,45.97947214076246,1.8443537399343528,0,0.0,0.9188837870418243,33,6383.0,0.0,18,1496.0,0.13707740655159567,6,171.0,2.222619770978628e-06,4,331.0,0.20699039348445494,29,3824.0,0.1203118958804973,36,5525.0,0.038566810706962495,10,857.0,0.18185360607643566,8,231.0,0.19071163167756686,21,1772.0,0.059657786047684284,10,3466.0,0.2339156623258316,23,2402.0,0.16884368755075407,1,63.0,0.20296532846961218,8,304.0,0.1876051120054956,11,2163.0,0.15784539513919657,29,3945.0,2.4564790763347902e-06,247,32933.0,-13.89375
410.0,226,15462.0,46.71299093655589,2.0103520854053696,0,0.0,0.9351701750501247,33,6548.0,0.0,14,1302.0,0.08764157354074646,3,149.0,0.21241854096318646,4,254.0,0.20797071688327043,26,3578.0,0.1757080561437016,38,5713.0,0.0511732480130916,7,755.0,0.20774370411373438,9,279.0,0.29832013379806516,15,1488.0,0.09712345452248795,10,3508.0,0.19992887876150772,22,2275.0,0.10714289257596793,0,4.0,0.6974199396858234,5,119.0,0.1664705188244822,11,1968.0,0.16256349780891896,29,4090.0,2.9181588619829203e-07,226,32030.0,-12.7125
415.0,198,14874.0,45.209726443769,2.3312045607742156,0,0.0,0.9589489908031662,33,6715.0,0.09284913066957251,8,1290.0,0.09040464054067114,0,76.0,0.5273271370074292,5,277.0,9.00660547422549e-06,17,2948.0,0.22774340532115245,41,5910.0,0.012069583435019108,6,624.0,0.18705770274020678,9,324.0,0.33404965904961165,13,1259.0,0.1358244450113946,11,3029.0,0.15822103210987906,19,1931.0,0.11377681932121499,1,4.0,0.6760196178288674,1,100.0,0.36856264076065187,9,1532.0,0.1870334732819148,25,3924.0,0.024460865615094706,198,29943.0,-11.1375
420.0,180,14473.0,44.25993883792049,2.6020777623528013,0,0.0,0.6886402788258256,33,6880.0,0.1381221782054758,10,1260.0,0.10440105906110626,0,16.0,0.5183401582566797,5,302.0,0.0,14,2844.0,0.11917083201318161,42,6120.0,0.028643740499716033,8,554.0,0.21754398573626532,6,260.0,0.233047305667197,8,1030.0,0.2095080933430971,7,2061.0,0.2714495663058076,16,1830.0,0.18335736101492436,2,13.0,0.46722083294847244,3,69.0,0.37576644219193717,6,1564.0,0.17375747263216743,20,3471.0,0.049987876885185314,180,28274.0,-10.125
425.0,188,14748.0,45.80124223602485,2.627827818375637,2,7.0,0.0005290499196695694,33,7043.0,0.06061656762289304,14,1311.0,0.004263487233370533,1,17.0,0.6400528583144834,5,331.0,0.4227409282681766,20,2933.0,0.13431285821742872,42,6334.0,0.07133652673357395,6,389.0,0.21710308279618076,7,114.0,0.1379714130195606,5,580.0,0.26981060928993494,6,1068.0,0.3437343358288478,15,1547.0,0.2245914144108308,3,25.0,0.0649490259214022,3,86.0,0.2724104658204581,9,1602.0,0.23135389400197817,17,3561.0,0.08478605664575137,188,26948.0,-10.575000000000001
430.0,202,15462.0,49.39936102236422,2.2404463748320835,2,17.0,0.48492243399334783,34,7213.0,0.00798048557374839,16,1389.0,0.0385296272600099,1,22.0,0.12076475687325171,5,356.0,0.4551273449317921,20,2722.0,0.10441838091708215,43,6546.0,0.06136064041687188,7,407.0,0.17885826048915165,10,150.0,0.0005187550808217502,7,209.0,0.3541550388283124,6,1074.0,0.30296395266336257,16,1589.0,0.13021490692289675,5,46.0,0.0004527761089810219,5,111.0,0.2340773467533721,9,1606.0,0.19475235124757045,16,3642.0,0.09069446303803924,202,27099.0,-11.3625
435.0,208,16240.0,53.5973597359736,1.594784492844432,2,27.0,0.3094141119502422,35,7390.0,0.04996226793340941,10,1222.0,0.14953161996192038,3,34.0,0.0004885940253554842,5,383.0,0.22696518827190282,18,2392.0,0.08345752212532262,43,6761.0,0.06914128059762627,9,436.0,0.06958378590664754,10,202.0,0.037186690266122674,5,167.0,0.2644933276119085,13,1114.0,0.17760905404649924,20,1682.0,0.039801054158060796,0,25.0,0.19533753092990777,5,136.0,0.014687082290337484,15,1655.0,0.06566958333788117,15,3449.0,0.13634313184775573,208,27075.0,-11.700000000000001
440.0,220,15741.0,53.3593220338983,1.261969907467968,2,37.0,0.009290963747134234,35,7566.0,0.09058766498332588,14,1281.0,0.027573749505942005,3,49.0,0.0,10,425.0,0.11065857248852791,15,2416.0,0.1354168199690971,38,6398.0,0.06744981651396084,10,486.0,6.297472047238494e-06,10,252.0,0.14537396336843367,7,197.0,0.25138977459761747,16,1188.0,0.05452017519573794,23,1792.0,0.0052366532778307705,0,0.0,1.0,7,169.0,3.0271801568164205e-05,15,1475.0,0.10321482125209486,15,2992.0,0.09995093905078152,220,26723.0,-12.375
445.0,206,14143.0,48.60137457044674,1.4741659774755256,3,52.0,2.459919950828003e-06,36,7744.0,0.06584476060100516,12,1172.0,0.03166701564130761,3,64.0,0.0,12,480.0,0.13650330774561634,17,2472.0,0.12527419380940663,29,5463.0,0.0732511127461009,10,536.0,0.07099878858615112,10,302.0,0.15507445379014104,10,243.0,0.1254597290081185,9,884.0,0.21253428019816784,26,1917.0,7.432077431098201e-05,0,0.0,1.0,7,206.0,0.2026375420931538,9,1011.0,0.2005930736293613,13,2817.0,0.10670346174196901,206,25363.0,-11.5875
450.0,181,12157.0,41.92068965517242,1.9716938353587827,3,67.0,0.0,38,7927.0,0.046356134265273935,5,1026.0,0.11855474403882423,3,81.0,0.37252970496050974,12,540.0,0.10729089614449319,16,2102.0,0.11727050944332841,22,4569.0,0.11504016988265468,8,544.0,0.09138367673269009,11,354.0,0.030975082505907307,11,183.0,0.08558138955362558,5,390.0,0.32733613766955844,26,2049.0,0.08491002985147261,0,0.0,1.0,7,243.0,0.13753348673122673,5,1011.0,0.28402154309683103,9,2441.0,0.1234169660271029,181,23527.0,-10.18125
455.0,165,11213.0,38.93402777777778,2.5207548117640375,3,82.0,0.0,40,8122.0,0.018555711303997167,5,904.0,0.06601144100813952,3,96.0,0.5366153132204577,14,604.0,0.029875959132559745,18,1401.0,0.15662010335371412,14,4080.0,0.20145162931683402,7,509.0,0.1346195104463024,9,386.0,0.1795506728862264,6,162.0,0.25904707909889063,6,317.0,0.22789553220155617,20,1887.0,0.19247908160974378,0,0.0,1.0,6,250.0,0.20922342427668122,7,995.0,0.28683438192566274,7,2223.0,0.1586604387317583,165,22018.0,-9.28125
460.0,166,10908.0,38.54416961130742,2.3392265992754324,1,55.0,0.11178464342866268,41,8326.0,0.008705865734091094,7,938.0,0.09401765585433121,1,32.0,0.31154942853666917,14,674.0,0.1222397942824189,21,1167.0,0.060445170663319246,12,3812.0,0.25075880547529383,6,459.0,0.2906127229413865,9,421.0,0.2033550101535161,4,162.0,0.37205938693997126,12,366.0,0.16070321542135038,12,1472.0,0.17662331686433652,0,0.0,1.0,4,232.0,0.20523131820399304,14,1044.0,0.13448134564621175,8,1785.0,0.1646945195111371,166,20945.0,-9.3375
465.0,187,11405.0,41.17328519855596,1.6340506461077509,1,25.0,0.0,41,8531.0,0.040447771517263496,10,981.0,0.00510635104105582,0,2.0,0.2515343620789091,14,744.0,0.08649184470407083,24,1283.0,0.04857806329036293,10,3372.0,0.1543443915265953,8,491.0,0.29267918048320446,12,470.0,0.05719986726212424,9,149.0,0.2504178039153704,14,431.0,0.10731612671903114,12,1371.0,0.1398499286779942,0,0.0,1.0,5,254.0,0.005423049905925024,19,1127.0,0.007684162712656612,8,1631.0,0.16745796943674526,187,20862.0,-10.51875
470.0,193,12045.0,44.120879120879124,1.6171764140695157,0,0.0,1.0,41,8736.0,0.04470445964020649,10,1031.0,0.06602287208956482,2,6.0,0.03951161323085315,16,819.0,1.9009164557676276e-05,24,1299.0,0.03749099994216143,9,2483.0,0.13044658370043433,9,534.0,0.16596477603606194,13,534.0,0.09925696267079338,13,204.0,0.16285813072608724,15,505.0,0.2185807356702775,14,1134.0,0.11222798640470195,0,0.0,1.0,6,285.0,0.06182601815831499,14,1193.0,0.06560795988072983,7,1313.0,0.18322796840812744,193,20076.0,-10.85625
475.0,183,11939.0,45.22348484848485,1.7404825896818301,0,0.0,1.0,36,8867.0,0.009827621395980998,10,1081.0,0.08247948069241572,4,21.0,0.0003793410294760071,16,903.0,0.07877954132142444,24,1417.0,0.04650257152014377,13,1365.0,0.14963280486372132,6,433.0,0.11529128689122192,9,442.0,0.056323677876842594,14,275.0,0.06595088950959142,16,585.0,0.23442307323649747,9,982.0,0.21088497465650324,0,2.0,0.39570780486966484,2,175.0,0.2661699032001385,15,1241.0,0.04307616798721549,9,1359.0,0.1352419357970199,183,19148.0,-10.29375
480.0,163,12007.0,46.53875968992248,2.139048007247201,0,0.0,1.0,34,8964.0,0.022635696707966026,10,1133.0,0.1485839499579394,4,43.0,0.18564609434471507,16,983.0,0.1546922119118784,25,1538.0,0.028623909869347288,14,1388.0,0.10203618118279464,2,223.0,0.35838602810075093,0,167.0,0.22482097622401254,14,337.0,0.024060447444884895,13,518.0,0.16095516780307947,5,719.0,0.27046262173014424,0,4.0,0.7588877060637905,2,43.0,0.1354972200976368,8,1002.0,0.14428889486749635,16,1423.0,0.12196532807933388,163,18485.0,-9.16875
485.0,164,10523.0,41.266666666666666,2.302815644044606,0,0.0,1.0,29,8423.0,0.017816743103655924,11,1183.0,0.18995444824997731,4,63.0,0.19621664010483217,16,1059.0,0.11041949438865134,26,1669.0,0.05960370475410482,20,1475.0,0.019077508282803232,1,194.0,0.383777694414377,2,171.0,0.12251933091377412,14,383.0,0.07059673283944118,9,422.0,0.14069920854266443,10,732.0,0.1248154421382068,0,4.0,0.9200231711202638,3,60.0,0.4569676945138941,3,674.0,0.4035664649088806,16,1324.0,0.15909525353480225,164,17836.0,-9.225
490.0,151,7850.0,31.910569105691057,2.564882991499306,0,2.0,0.9824442506210782,20,7159.0,0.07223943147867092,13,1242.0,0.06520488023574729,4,83.0,0.00562025893380232,18,1143.0,0.012197443460739574,20,1504.0,0.15954537931935517,15,1357.0,0.11702864342187648,5,200.0,0.3602617642350829,7,194.0,0.0018246065279846587,13,450.0,0.15140121086367395,6,386.0,0.21950776040875922,15,801.0,0.20193837305695897,1,3.0,0.3820263262014262,0,38.0,0.6879219588194039,2,686.0,0.34708815177907765,12,1033.0,0.1679967919276304,151,16281.0,-8.49375
495.0,146,5592.0,23.203319502074688,2.5813059400356124,0,2.0,0.819859612694829,13,6587.0,0.15846557329054675,13,1307.0,0.0011690421168237945,5,107.0,3.699801464697881e-05,13,908.0,0.037567532589168444,12,1060.0,0.27096809373319136,12,1104.0,0.23437504699884043,5,225.0,0.27027952143434736,8,233.0,4.877699896041626e-06,15,523.0,0.15425102553515335,11,428.0,0.1613324764463233,17,882.0,0.20340076967313853,3,14.0,0.22818577107797183,0,2.0,0.5344454249581995,4,707.0,0.20313335212971914,15,1005.0,0.03598808931802926,146,15094.0,-8.2125
500.0,143,4014.0,17.153846153846153,2.1077393943197356,0,0.0,0.6880419493703884,10,6644.0,0.19756593203329087,14,1377.0,0.0,5,132.0,0.0,10,604.0,0.16114537752959285,9,1059.0,0.15699810216181273,16,1173.0,0.10455413984947608,6,251.0,0.14188355654941365,8,275.0,0.04486487200852147,11,503.0,0.18994234529753545,15,495.0,0.11885249396597153,13,805.0,0.10994660387597777,3,29.0,0.37507556807236375,1,2.0,0.2509555442506543,4,570.0,0.06694423350789751,18,1091.0,0.019700233746309755,143,15010.0,-8.04375
505.0,162,4519.0,19.733624454148472,1.79185969442223,0,0.0,0.9929878688670714,15,6704.0,0.13283105576267848,14,1435.0,0.0,5,157.0,0.0,10,580.0,0.12667235303354346,16,1124.0,0.05043058470977563,17,1255.0,0.019008247493129248,5,273.0,0.27209642632099806,8,315.0,0.18516511200121605,14,482.0,0.20601955107587344,18,577.0,0.05221080335780468,14,740.0,0.03122502970841633,3,44.0,0.17679749334554742,3,17.0,0.29726720130373796,2,300.0,0.14489754490427614,18,1179.0,0.04673073090452932,162,15182.0,-9.1125
510.0,157,4609.0,20.214912280701753,1.910589277273744,0,0.0,0.9536954962526644,23,6807.0,0.014516816289227312,13,1500.0,0.04783421782346625,2,136.0,0.23849742937508572,12,636.0,0.05842964967812267,22,1222.0,0.0014481676607374662,11,1006.0,0.0944025885534634,5,298.0,0.2681354499625381,8,355.0,0.15054303099017055,12,539.0,0.14990914540833464,13,605.0,0.0950718230344159,10,610.0,0.04034273498086138,5,66.0,0.0002547743000935735,4,36.0,0.42108472513858225,2,202.0,0.24667074646357584,15,1159.0,0.10988298023700813,157,15177.0,-8.83125
515.0,139,4466.0,20.117117117117118,2.6042403620210592,0,2.0,0.43144740353484345,31,6949.0,0.011341521106953066,14,1568.0,0.047899252105063087,1,62.0,0.42295954387475504,10,638.0,0.026968395874795836,18,1223.0,0.1414853975753786,4,675.0,0.22389790711971655,5,327.0,0.450117262127762,4,230.0,0.07480000899604647,13,600.0,0.08557797296382312,6,559.0,0.33076819859405976,5,432.0,0.31902320019325275,5,91.0,0.0,5,57.0,0.13138278647006785,2,89.0,0.3058444112133118,16,1166.0,0.08675813569855924,139,14668.0,-7.8187500000000005
520.0,135,4765.0,22.582938388625593,2.7256948313311256,0,2.0,0.900973185738197,26,7021.0,0.04629090431651139,14,1640.0,0.13672489732496154,2,34.0,0.0008286823777747268,10,692.0,0.2486002853389759,16,1187.0,0.06630608714140578,5,684.0,0.14213316172782642,5,352.0,0.4176617692843187,0,49.0,0.4777501246230396,13,644.0,0.08180638929459941,8,556.0,0.325115738399089,3,418.0,0.4324127264806636,5,118.0,0.23824635735593264,9,93.0,0.0014448573635582288,1,75.0,0.36205328616400173,18,1254.0,0.01787604876268399,135,14819.0,-7.59375
525.0,140,4562.0,22.472906403940886,2.145736624304963,0,4.0,0.8939357738256769,26,7072.0,0.055539293171598225,14,1710.0,0.11779184211325397,2,44.0,0.0,4,515.0,0.3236525186962939,13,968.0,0.0409383711240707,10,727.0,0.037179766764480704,2,230.0,0.38410922952605,2,52.0,0.19320249297388167,14,709.0,0.12972992902942626,14,614.0,0.04076974664033838,6,428.0,0.2153198138243635,5,143.0,0.35952778528532897,5,84.0,0.03709804649425606,3,69.0,0.2326812456713949,20,1354.0,0.07664079989345544,140,14723.0,-7.875
530.0,124,4073.0,20.6751269035533,2.784531758340511,0,4.0,0.9024866837599301,26,7200.0,0.03508583368205773,11,1552.0,0.14611736737371012,2,58.0,0.35751496613809597,2,175.0,0.3657744935831508,4,626.0,0.23163361918221517,8,651.0,0.19484485844705438,1,67.0,0.5218716522321161,4,69.0,1.2743144687829273e-05,16,785.0,0.13844547028755652,16,676.0,1.7982805054211478e-05,6,426.0,0.2388363663643236,5,168.0,0.26446623635775546,0,56.0,0.4086469651613674,3,84.0,0.013570829095436913,20,1456.0,0.09444225385104968,124,14053.0,-6.9750000000000005
535.0,128,4279.0,22.403141361256544,2.5440321138496045,1,5.0,0.7131132642242026,26,7332.0,0.07157909964973456,9,1165.0,0.1143719105903168,2,68.0,0.5878627977224734,3,115.0,0.2623682745768283,3,579.0,0.264682968631554,8,650.0,0.18688287458248928,2,72.0,0.36565143803268535,4,89.0,0.0,16,831.0,0.1346768721425324,16,760.0,0.14797564419605364,7,457.0,0.19706863025235913,5,193.0,0.042197007925016974,2,59.0,0.3052868601216508,4,103.0,0.0,20,1552.0,0.04065589911311975,128,14030.0,-7.2
540.0,132,3552.0,19.096774193548388,1.5773479604002134,1,8.0,0.37707725051459234,27,7467.0,0.03959984185650807,8,945.0,0.05036536139396258,3,79.0,0.42278316267177346,8,145.0,0.012190154210434782,9,613.0,0.09488969957023244,10,699.0,0.10149059766757809,3,87.0,0.24535429764237288,4,109.0,0.0,17,912.0,0.01833065976359373,10,579.0,0.16413685968842778,5,379.0,0.03911088522934991,7,226.0,1.3131630307329799e-06,5,78.0,0.132803158398986,1,64.0,0.11959821326281035,14,1347.0,0.1129458843770372,132,13737.0,-7.425
545.0,113,2811.0,15.530386740331492,2.723933839224765,2,16.0,0.00018622969470960207,29,7608.0,0.030770225472139687,2,636.0,0.253338779580336,1,13.0,0.5452380216835181,5,109.0,0.039433547592846514,13,676.0,0.05891258021974259,11,756.0,0.28961818702809045,2,80.0,0.0825405703489384,4,129.0,0.0,13,801.0,0.06673322757094671,11,307.0,0.2866976227155724,0,209.0,0.35802524345304815,7,261.0,0.0,6,108.0,0.14174979935991044,1,16.0,0.5213766042419671,6,984.0,0.20579217825333304,113,12709.0,-6.35625
550.0,101,2624.0,15.435294117647059,3.3213226897682717,2,26.0,0.31938598121802625,29,7753.0,0.0,2,443.0,0.19353534807752204,1,12.0,0.6037344226211706,4,73.0,0.07738500060887236,13,741.0,0.14324417082068608,11,812.0,0.4211361510855428,3,94.0,2.8232201304146502e-05,4,149.0,0.2798054464255403,3,494.0,0.30551405550336114,12,341.0,0.19327765999090013,0,17.0,0.6772211472389404,7,296.0,0.0,6,138.0,0.1416353988970004,1,19.0,0.6290418947506352,3,903.0,0.1909206109979395,101,12311.0,-5.68125
555.0,103,2907.0,17.944444444444443,2.639453986054437,2,38.0,0.32295742022636986,29,7900.0,0.004966697244352775,4,271.0,0.18617499479435168,2,17.0,0.1347075610026887,1,40.0,0.18014112250009431,13,804.0,0.1237444664131638,11,861.0,0.20518425570031368,2,100.0,0.0,0,64.0,0.763282565416559,7,469.0,0.1823146438539133,13,403.0,0.1780166761867455,0,19.0,0.3662489448884278,7,331.0,0.0,6,168.0,0.13948375336867536,1,24.0,0.4813431222546742,5,923.0,0.09406818324312778,103,12432.0,-5.79375
560.0,112,3199.0,20.772727272727273,1.9630623929076843,1,20.0,0.4783536780208095,30,8048.0,0.00033145933955001727,3,280.0,0.028154808848626083,2,23.0,0.0,1,15.0,0.4713269385678445,14,873.0,0.025672018275357134,14,924.0,0.07052982206519604,2,110.0,0.3254618233567459,0,0.0,0.9211874003654764,12,518.0,0.022275702362352594,6,343.0,0.13136637870710824,2,27.0,0.33139240458753866,7,368.0,0.12271262996869813,7,200.0,5.046387829178001e-06,3,33.0,0.0002338176628769242,8,957.0,0.04422637777391029,112,12739.0,-6.3
565.0,105,3442.0,23.73793103448276,1.9530504896883367,1,25.0,0.19499694182516214,31,8205.0,0.01188257121185496,0,170.0,0.13481865103231874,2,33.0,0.0,1,20.0,0.5906784852728449,12,880.0,0.15358459529285506,14,996.0,0.0843872076431014,2,120.0,0.2075255210621789,2,2.0,0.2553347665429151,7,436.0,0.15994720866443535,3,200.0,0.21259584703102136,2,35.0,0.0,7,403.0,0.1236981969190787,7,235.0,0.0,3,50.0,0.3828949845540852,11,1007.0,0.0033593810571921215,105,12817.0,-5.90625
570.0,95,3281.0,23.77536231884058,2.3292286958762207,2,33.0,4.653048451287237e-06,25,7563.0,0.07379433052451745,0,0.0,1.0,0,11.0,0.6077311429249083,2,27.0,0.28233688991081474,12,884.0,0.24082767727635587,14,1064.0,0.1093641044341711,2,132.0,0.13014333969821154,3,18.0,0.23110901023820296,3,211.0,0.2871344693813467,4,214.0,0.05445331736798458,2,45.0,0.0,7,436.0,0.0,3,186.0,0.04331894744480024,2,26.0,0.6508271715997581,14,1072.0,8.378088991064732e-05,95,11922.0,-5.34375
575.0,79,2498.0,18.924242424242426,2.768458379707636,0,10.0,0.6587514200164871,15,6131.0,0.1519989828234681,0,0.0,1.0,0,0.0,0.4283846850744933,3,39.0,0.0,12,945.0,0.1947333642860247,14,1134.0,0.16384715520619356,0,48.0,0.5993845744338823,3,35.0,0.2179440326421349,5,231.0,0.17160973196389795,7,246.0,0.054577590304786115,0,24.0,0.3412196992379929,3,314.0,0.20078892965389508,1,102.0,0.19426008431411423,2,34.0,0.589690795899288,14,1144.0,0.06307748227134924,79,10437.0,-4.44375
580.0,79,2129.0,16.763779527559056,3.046784508822684,0,2.0,0.9414798690971266,8,5846.0,0.1608782807607608,0,2.0,0.448887248109683,0,0.0,1.0,3,54.0,0.0,15,1013.0,0.15583073194002928,13,1118.0,0.06963600266694402,0,2.0,0.8141565039171087,4,52.0,0.26899376179356843,10,276.0,0.2150957676151215,7,281.0,0.19472938040701557,0,0.0,0.9399048514924728,1,157.0,0.4433967398220333,2,86.0,0.001319808298664316,2,28.0,0.055187977829868506,14,1214.0,0.10670880629061619,79,10131.0,-4.44375
585.0,78,2048.0,16.516129032258064,2.762595213858832,0,0.0,0.593160640863315,9,5882.0,0.16996829143220396,0,2.0,0.9859238083502281,0,0.0,1.0,3,69.0,0.0,15,1086.0,0.09191927317028312,13,1183.0,0.0,1,4.0,0.4338833466137433,4,72.0,0.4110533645927871,7,233.0,0.21053262709604492,4,249.0,0.2573172498992995,0,0.0,0.7230196196980233,2,163.0,0.006326578384800659,2,96.0,6.187584789242103e-06,4,47.0,0.19661064208088078,14,1282.0,0.06596667690018163,78,10368.0,-4.3875
590.0,75,2017.0,17.23931623931624,2.2793295388968677,1,3.0,5.0830594231033804e-05,12,5944.0,0.039623729264486214,0,2.0,0.9573529430415066,0,0.0,1.0,3,84.0,0.0,16,1168.0,0.15241659879838126,7,981.0,0.08209632233427298,0,0.0,1.0,4,90.0,0.13164246897872392,7,225.0,0.2854492792383834,3,165.0,0.27348959947791396,1,2.0,0.0037749399625649598,3,178.0,2.596274949002141e-06,2,106.0,0.0,2,23.0,0.31883383916390895,14,1352.0,0.06549386881356069,75,10323.0,-4.21875
595.0,76,1988.0,17.5929203539823,2.2746614258679045,1,8.0,0.0,19,5994.0,0.015495979617653838,0,0.0,1.0,0,0.0,1.0,3,101.0,0.10759090044168998,15,1240.0,0.023422276153269944,2,541.0,0.28415324417778876,0,4.0,0.861856672956024,1,47.0,0.11391265956763379,8,262.0,0.1512381212071229,4,183.0,0.4040810214934512,2,12.0,0.0,3,193.0,0.0,2,118.0,0.31082558048015413,2,31.0,0.0,14,1422.0,0.0,76,10156.0,-4.275
600.0,78,2096.0,19.054545454545455,2.2484205902163605,1,13.0,0.0,18,5353.0,0.03337066359607011,0,0.0,1.0,0,0.0,1.0,3,116.0,0.3642611934189279,18,1327.0,7.498430909390176e-06,4,559.0,0.3416454863980314,0,4.0,0.9164295674208841,1,7.0,0.0,10,307.0,0.015063089023508908,4,203.0,0.2873873105291105,2,22.0,0.0,3,210.0,0.24646479649949588,2,128.0,0.3126255405235912,2,43.0,0.13159276183745972,10,1250.0,0.02974913258143176,78,9542.0,-4.3875
605.0,68,2009.0,18.952830188679247,2.4968544192376965,0,2.0,0.9389293939382002,8,3972.0,0.14655125995302098,0,0.0,1.0,0,0.0,1.0,3,131.0,0.42614037542839617,18,1419.0,0.09152503754376672,7,587.0,0.1412808112310197,1,4.0,0.31995822078021263,1,12.0,0.0,10,349.0,2.0694978273054183e-05,6,231.0,0.04023210951555205,2,32.0,0.0,2,155.0,0.3102472115719491,3,139.0,0.0027040351325862562,2,53.0,0.42047654320659644,5,926.0,0.11937608079419264,68,8012.0,-3.825
610.0,48,1644.0,15.96116504854369,3.11311100356002,0,2.0,0.9225300250153176,2,3342.0,0.19004490158847057,0,0.0,1.0,0,0.0,1.0,0,43.0,0.3774212633053996,18,1511.0,0.10084666056903092,5,443.0,0.038761973730154727,3,16.0,0.0020841009675324567,1,17.0,0.0,10,401.0,0.03715632483929463,2,135.0,0.26280670621440727,2,42.0,0.0,2,163.0,0.0,0,79.0,0.39661616421234286,2,63.0,0.5504938287637492,1,628.0,0.23589361268345937,48,6885.0,-2.7
615.0,45,1564.0,15.797979797979798,3.9968336307474956,0,2.0,0.9457059814780799,9,3370.0,0.09253330563303541,0,0.0,1.0,0,0.0,1.0,0,2.0,0.7178902325596848,19,1602.0,0.0649864946712851,3,249.0,0.2708737071269784,0,14.0,0.13853658834414356,1,22.0,0.0,4,286.0,0.3384902071099703,2,79.0,0.5005595352911174,2,52.0,0.0,2,173.0,0.0,0,2.0,0.9427110429909151,2,71.0,0.5487248320628119,1,630.0,0.2156445303098406,45,6554.0,-2.53125
620.0,49,1568.0,16.680851063829788,3.9114347568297005,0,2.0,0.6142388690062671,14,3427.0,0.005828008383983124,0,0.0,1.0,0,2.0,0.9106532590425735,0,0.0,0.43344050839681436,19,1697.0,0.12458278574701005,2,142.0,0.28625703266272917,0,0.0,1.0,1,27.0,0.4556759075630479,0,93.0,0.6587279862536632,3,91.0,0.46787640320966417,2,64.0,0.3857806144124342,2,183.0,0.0,0,2.0,0.968743139713817,2,81.0,0.3050008953652782,4,644.0,0.04804281869577935,49,6455.0,-2.75625
625.0,61,1824.0,21.209302325581394,2.68121695463189,2,8.0,0.2053290279690173,17,3510.0,0.0002955663440708687,0,4.0,0.9562470538652215,0,2.0,0.9552490978181724,1,5.0,0.48079661545164865,20,1792.0,0.06754745732809944,2,140.0,0.0,0,0.0,1.0,0,0.0,0.9635901618906952,2,23.0,0.4381042565520401,5,111.0,0.06697774557712285,2,74.0,0.5276163497537668,2,193.0,0.0,0,2.0,0.7342249784422864,2,91.0,0.013400547184327377,6,673.0,0.00317131385856545,61,6628.0,-3.43125
630.0,65,2093.0,24.916666666666668,1.4390622883676178,1,9.0,0.14600821262348468,17,3595.0,1.7960665629693912e-06,0,4.0,0.9379665422952531,0,0.0,1.0,1,10.0,0.23778292492201986,19,1876.0,0.045794030766936285,2,150.0,0.0,0,0.0,1.0,0,0.0,0.009726914725590676,4,39.0,0.12716917746346892,3,104.0,0.05514355472856657,3,86.0,0.13118316775226183,2,203.0,0.0,2,7.0,0.30548865664906316,3,107.0,0.09340284583884575,8,713.0,5.0331581917739245e-05,65,6903.0,-3.65625
635.0,73,2339.0,28.876543209876544,0.9055190352420375,1,14.0,0.0,17,3680.0,0.04329387185668326,2,6.0,0.0024468419035088146,0,0.0,1.0,2,17.0,0.0,20,1976.0,1.0698375101521564e-06,2,160.0,0.0,0,0.0,1.0,1,5.0,0.0,6,69.0,0.13574958227796222,3,107.0,0.0,5,108.0,4.848171475396411e-05,2,213.0,0.0,3,20.0,0.08835644805973772,1,9.0,0.5635265390876991,8,753.0,0.0,73,7137.0,-4.10625
640.0,67,2069.0,25.54320987654321,1.4568185095653767,1,19.0,0.0,17,3765.0,0.05469485503760429,2,16.0,6.2004980301001845e-06,0,0.0,1.0,2,27.0,0.0,14,1700.0,0.03750550842315267,2,172.0,0.12991228891718734,0,0.0,1.0,1,10.0,0.0,6,101.0,0.14599593037247308,3,122.0,0.0,5,133.0,0.0,2,223.0,0.0,3,25.0,0.23556077528545377,1,14.0,0.6532478419053175,8,793.0,0.0,67,7120.0,-3.7687500000000003
645.0,57,1522.0,19.025,2.151302469990173,1,24.0,0.0,17,3850.0,0.047975636631274424,2,26.0,0.0,0,0.0,1.0,2,39.0,0.41852377031725047,4,1096.0,0.17162190098984115,2,182.0,0.3316493464375062,0,0.0,1.0,1,15.0,0.0,6,129.0,0.14158968210073827,3,137.0,0.0,5,158.0,0.0,2,233.0,0.0,3,40.0,0.3211489500768754,1,1.0,0.0010521641506844976,8,833.0,0.08527674205034559,57,6763.0,-3.2062500000000003
650.0,53,1567.0,20.08974358974359,2.227131147746951,1,29.0,0.0,17,3935.0,0.05316378287866677,2,36.0,0.0,0,0.0,1.0,2,49.0,0.5744543388901542,3,1103.0,0.14785327318768796,0,93.0,0.6407037081801632,0,0.0,1.0,1,20.0,0.0,6,157.0,0.03473729275791899,2,127.0,0.11077698566101922,5,185.0,0.06479984753030715,2,243.0,0.0,3,55.0,0.3898821062418142,1,6.0,0.0,8,873.0,0.11077638818074882,53,6911.0,-2.98125
655.0,52,1621.0,21.905405405405407,1.7712920116444628,1,34.0,0.0,17,4020.0,0.0,2,46.0,0.0,0,0.0,1.0,2,59.0,0.34242890366860834,9,1138.0,0.0166762617327263,0,0.0,0.970700635652056,0,0.0,1.0,0,0.0,0.6273645722796016,3,124.0,0.10365774794853962,2,137.0,0.40592589052802597,5,210.0,0.1613396896069039,2,253.0,0.0,3,70.0,0.24951949001466298,1,13.0,0.19534583579107873,5,751.0,0.040589224242322065,52,6855.0,-2.9250000000000003
660.0,52,1648.0,22.88888888888889,2.298776935814987,1,39.0,0.0,17,4105.0,0.0,2,56.0,0.3241323134688889,0,0.0,1.0,1,4.0,0.485741885495023,14,1204.0,0.11486989564125032,0,0.0,1.0,0,0.0,0.9058967330741928,0,0.0,0.9392589197403234,3,116.0,0.0,2,147.0,0.422732075130735,5,233.0,0.0,2,263.0,0.0,4,90.0,0.0072436970785991804,1,18.0,0.5303986127727667,0,458.0,0.2377147274391081,52,6733.0,-2.9250000000000003
665.0,49,1502.0,21.154929577464788,2.182817307762668,1,44.0,0.0,17,4190.0,0.0,2,66.0,0.30546663913027083,0,0.0,1.0,1,7.0,0.0,14,1276.0,0.05958959242239527,0,0.0,1.0,0,0.0,0.9735976829051822,0,4.0,0.779364527950445,3,131.0,0.0,3,160.0,0.23675438491093273,0,101.0,0.17492096098968787,0,119.0,0.24966348878109318,5,115.0,0.0,1,23.0,0.6996741313599867,2,463.0,0.10834951130837685,49,6699.0,-2.75625
670.0,46,1499.0,22.71212121212121,2.522261596358865,1,49.0,0.0,17,4275.0,0.0,2,76.0,0.0,0,0.0,1.0,1,12.0,0.0,16,1356.0,0.055634883193392104,0,0.0,0.4594978805796838,0,0.0,1.0,0,4.0,0.8513252926115459,3,148.0,0.10860797930613564,0,57.0,0.15432547083667997,0,0.0,1.0,0,0.0,1.0,1,58.0,0.3500794529400507,1,26.0,0.0,4,481.0,0.3320243302305549,46,6542.0,-2.5875
675.0,45,1702.0,26.184615384615384,3.260435492094402,1,54.0,0.0,17,4360.0,0.0,2,86.0,0.0,0,0.0,1.0,1,17.0,0.0,16,1434.0,0.0,0,0.0,0.9977865338922713,0,0.0,1.0,1,5.0,0.5585645138115232,3,163.0,0.33955509005146195,0,0.0,1.0,0,1.0,0.9949996866516818,0,0.0,1.0,1,17.0,0.6386727871577915,1,35.0,0.5516732405657124,2,374.0,0.33805197345497023,45,6546.0,-2.53125
680.0,36,1397.0,21.828125,3.73786859278551,1,59.0,0.0,11,3632.0,0.03971027768000117,0,0.0,1.0,0,2.0,0.4602476936107871,1,22.0,0.0,16,1514.0,0.0,0,0.0,0.9769213531933569,0,0.0,1.0,1,8.0,0.0,3,178.0,0.4393035724260234,0,0.0,1.0,0,1.0,0.9547847454207932,0,0.0,1.0,2,23.0,0.13527364363565045,1,40.0,0.6538564386700816,0,170.0,0.318021863502027,36,5649.0,-2.025
685.0,28,870.0,14.5,4.064562295187983,1,68.0,0.6972315204937575,1,2875.0,0.27195761084597764,0,0.0,1.0,0,2.0,0.9350177882629839,1,27.0,0.0,16,1594.0,0.0,0,0.0,1.0,0,0.0,1.0,1,13.0,0.0,4,195.0,0.1642568915114546,0,0.0,1.0,0,0.0,1.0,0,0.0,1.0,3,37.0,3.943129144401324e-05,0,2.0,0.9193068704687666,1,172.0,0.024486358806434228,28,4985.0,-1.575
690.0,26,716.0,13.25925925925926,3.542938193395262,1,73.0,0.7077347949102445,4,2562.0,0.12961843407851567,0,0.0,1.0,0,2.0,0.7630218640188808,1,32.0,0.0,16,1674.0,0.0,0,0.0,1.0,0,0.0,1.0,1,18.0,0.0,0,70.0,0.1528776322913503,0,0.0,1.0,0,0.0,1.0,0,0.0,1.0,0,17.0,0.1350542310985084,0,0.0,0.9487865499644763,3,186.0,2.0511431729651707e-05,26,4634.0,-1.4625000000000001
695.0,31,819.0,16.714285714285715,2.702114879852442,3,82.0,0.06414540934855556,10,2485.0,0.04269271948150485,0,0.0,1.0,1,4.0,0.0003209454751789637,1,37.0,0.0,16,1754.0,0.0,0,0.0,1.0,0,0.0,1.0,0,2.0,0.9353509623889295,0,0.0,0.5551058734908193,0,0.0,1.0,0,0.0,1.0,0,2.0,0.9639757635255901,0,2.0,0.9650289722365896,0,2.0,0.4380513982948098,0,102.0,0.1414761770225339,31,4472.0,-1.7437500000000001
700.0,36,989.0,21.04255319148936,2.88497871483743,6,109.0,4.160228843208684e-05,12,2538.0,0.0003179754317434712,0,0.0,1.0,1,9.0,0.0,1,42.0,0.0,16,1834.0,0.0,0,0.0,1.0,0,0.0,1.0,0,2.0,0.7226881456771702,0,0.0,0.9571134497195815,0,0.0,1.0,0,0.0,1.0,0,2.0,0.9871577552331297,0,2.0,0.9735889452023687,0,2.0,0.7056628534059731,0,0.0,1.0,36,4540.0,-2.025
705.0,32,1043.0,23.704545454545453,2.164757092274726,1,36.0,0.1136802800260086,12,2598.0,0.0,0,0.0,1.0,1,14.0,0.0,1,47.0,0.0,16,1914.0,0.0,0,0.0,1.0,0,0.0,1.0,1,3.0,0.00031079955219575375,0,0.0,1.0,0,0.0,1.0,0,0.0,1.0,0,2.0,0.06325025754179354,0,0.0,0.9832284601146211,0,2.0,0.8453953013167528,0,0.0,1.0,32,4616.0,-1.8
710.0,33,1195.0,27.15909090909091,2.6767455445867854,0,8.0,0.507696918984565,12,2658.0,0.0,0,0.0,1.0,1,19.0,0.0,1,54.0,0.5719218463232191,16,1994.0,0.0,0,0.0,1.0,0,0.0,1.0,1,8.0,0.0,0,0.0,1.0,0,0.0,0.4432782674674554,0,0.0,1.0,1,6.0,1.1428296567522269e-05,1,1.0,0.4913973789982441,0,0.0,0.7000095369646389,0,0.0,1.0,33,4748.0,-1.8562500000000002
715.0,33,1360.0,33.170731707317074,2.4697102297412945,0,0.0,1.0,12,2718.0,0.0,0,0.0,1.0,1,24.0,0.0,1,59.0,0.6730706081690303,16,2074.0,0.0,0,0.0,1.0,0,0.0,1.0,1,13.0,0.0,0,0.0,1.0,0,0.0,0.9319639683852313,0,0.0,1.0,1,11.0,0.0,1,6.0,0.4964865337823875,0,0.0,1.0,0,0.0,1.0,33,4905.0,-1.8562500000000002
720.0,27,1335.0,34.23076923076923,2.3913562504279717,0,0.0,1.0,6,2079.0,0.06474820457121022,0,0.0,1.0,1,29.0,0.0,1,62.0,0.5846816793271891,16,2154.0,0.0,0,0.0,1.0,0,0.0,1.0,1,18.0,0.0,0,0.0,1.0,0,0.0,0.9439337743907809,0,0.0,1.0,1,16.0,0.0,1,11.0,0.0,0,0.0,1.0,0,0.0,1.0,27,4369.0,-1.51875
725.0,21,1287.0,40.21875,2.9329931216145653,0,4.0,0.9323835117815993,0,996.0,0.4028542456614452,0,0.0,1.0,1,34.0,0.0,1,67.0,0.0,16,2234.0,0.09667709630685274,0,0.0,1.0,0,0.0,1.0,1,23.0,0.0,0,0.0,1.0,0,0.0,1.0,0,0.0,1.0,1,21.0,0.0,1,16.0,0.0,0,0.0,1.0,0,0.0,1.0,21,3395.0,-1.1812500000000001
730.0,22,1393.0,48.03448275862069,1.67695158234984,0,4.0,0.958848259427437,1,533.0,0.04227248387631561,0,0.0,1.0,1,39.0,0.0,1,72.0,0.0,16,2314.0,0.05740470959953952,0,0.0,1.0,0,0.0,1.0,1,28.0,0.0,0,0.0,1.0,0,0.0,1.0,0,0.0,1.0,1,26.0,0.0,1,21.0,0.0,0,0.0,1.0,0,0.0,1.0,22,3037.0,-1.2375
735.0,24,1486.0,53.07142857142857,1.099148766683533,0,2.0,0.6641897454548211,4,550.0,1.4435629715344117e-05,0,0.0,1.0,1,44.0,0.0,1,77.0,0.0,16,2394.0,0.05296321967118395,0,0.0,1.0,0,0.0,1.0,1,33.0,0.0,0,0.0,1.0,0,0.0,1.0,0,0.0,1.0,0,0.0,1.0,1,26.0,0.0,0,0.0,1.0,0,0.0,1.0,24,3126.0,-1.35
740.0,25,1609.0,57.464285714285715,0.7834157748588494,1,5.0,0.014599143387870559,4,570.0,0.0,0,0.0,1.0,1,49.0,0.0,1,82.0,0.0,16,2474.0,0.0,0,0.0,1.0,0,0.0,1.0,1,40.0,0.49765812938388604,0,0.0,0.9655659612576514,0,0.0,1.0,0,0.0,1.0,0,0.0,1.0,1,31.0,0.0,0,0.0,1.0,0,0.0,1.0,25,3251.0,-1.40625
745.0,26,1739.0,62.107142857142854,0.7139862975620714,2,15.0,0.0,4,590.0,0.0,0,0.0,1.0,1,54.0,0.0,1,87.0,0.0,16,2554.0,0.0,0,0.0,1.0,0,0.0,1.0,1,45.0,0.4611625568113382,0,0.0,0.8971589325304548,0,0.0,1.0,0,0.0,1.0,0,0.0,1.0,1,36.0,0.0,0,0.0,1.0,0,0.0,1.0,26,3381.0,-1.4625000000000001
750.0,25,1812.0,64.71428571428571,0.549469733780901,2,25.0,0.0,4,610.0,0.0,0,0.0,1.0,0,0.0,1.0,1,92.0,0.0,16,2634.0,0.0,0,0.0,1.0,0,2.0,0.3866277240492607,1,50.0,0.023420381390591515,0,0.0,0.9374918304445339,0,0.0,1.0,0,0.0,1.0,0,0.0,1.0,1,41.0,0.0,0,0.0,1.0,0,0.0,1.0,25,3454.0,-1.40625
755.0,26,1845.0,65.89285714285714,0.65315524634956,2,35.0,0.0,4,630.0,0.0,0,0.0,1.0,0,0.0,1.0,0,0.0,1.0,16,2714.0,0.0,0,0.0,1.0,0,2.0,0.9104935384986298,2,59.0,0.00010158632484898503,1,1.0,0.0060290714478424415,0,0.0,1.0,0,0.0,1.0,0,0.0,1.0,1,46.0,0.0,0,0.0,1.0,0,0.0,1.0,26,3487.0,-1.4625000000000001
760.0,25,1919.0,68.53571428571429,1.0806246180873007,2,45.0,0.0,4,650.0,0.0,0,0.0,1.0,0,0.0,1.0,0,2.0,0.3955989004034485,16,2794.0,0.0,0,0.0,1.0,0,2.0,0.9621341190223275,1,13.0,0.4577224200405505,1,6.0,3.086612854869855e-05,0,0.0,1.0,0,0.0,1.0,0,0.0,1.0,1,51.0,0.0,0,0.0,1.0,0,0.0,1.0,25,3563.0,-1.40625
765.0,23,1991.0,73.74074074074075,1.3744883615850174,0,0.0,1.0,4,670.0,0.0,0,0.0,1.0,0,0.0,1.0,0,2.0,0.9230662311252483,16,2874.0,0.0,0,0.0,1.0,0,0.0,1.0,1,18.0,0.4782683198600246,1,11.0,0.0,0,0.0,1.0,0,0.0,1.0,0,0.0,1.0,1,56.0,0.0,0,0.0,1.0,0,0.0,1.0,23,3631.0,-1.29375
770.0,21,2029.0,81.16,1.371951814602575,0,0.0,1.0,4,690.0,0.0,0,0.0,1.0,0,0.0,1.0,0,2.0,0.9458924747407775,16,2954.0,0.0,0,0.0,1.0,0,0.0,1.0,1,21.0,0.0,0,0.0,1.0,0,0.0,1.0,0,0.0,1.0,0,0.0,1.0,0,0.0,1.0,0,0.0,1.0,0,0.0,1.0,21,3667.0,-1.1812500000000001
775.0,21,2134.0,85.36,1.8378580167552143,0,0.0,1.0,4,710.0,0.0,0,0.0,1.0,0,0.0,1.0,0,0.0,0.9984208491454494,16,3034.0,0.0,0,0.0,1.0,0,0.0,1.0,1,26.0,0.0,0,0.0,1.0,0,0.0,1.0,0,0.0,1.0,0,0.0,1.0,0,2.0,0.9785372199040905,0,0.0,1.0,0,0.0,1.0,21,3772.0,-1.1812500000000001
780.0,20,2210.0,88.4,1.7633723204635894,0,0.0,1.0,4,730.0,0.0,0,0.0,1.0,0,0.0,1.0,0,0.0,0.4965440325315195,16,3114.0,0.0,0,0.0,1.0,0,0.0,1.0,0,0.0,1.0,0,0.0,1.0,0,0.0,1.0,0,0.0,1.0,0,0.0,1.0,0,2.0,0.9081571274449947,0,0.0,1.0,0,0.0,1.0,20,3846.0,-1.125
785.0,21,2313.0,92.52,1.6171652707650426,0,0.0,1.0,4,750.0,0.0,0,0.0,1.0,0,0.0,1.0,1,3.0,0.0,16,3194.0,0.0,0,0.0,1.0,0,0.0,1.0,0,0.0,1.0,0,2.0,0.953443737176261,0,0.0,1.0,0,0.0,1.0,0,0.0,1.0,0,2.0,0.4690631022646479,0,0.0,1.0,0,0.0,1.0,21,3951.0,-1.1812500000000001
790.0,22,2422.0,100.91666666666667,0.9937769974650005,0,0.0,1.0,4,770.0,0.0,0,0.0,1.0,0,0.0,1.0,1,8.0,0.0,16,3274.0,0.0,0,0.0,1.0,0,0.0,1.0,0,0.0,1.0,0,2.0,0.9933791703147591,0,0.0,1.0,0,0.0,1.0,0,0.0,1.0,1,6.0,0.0,0,0.0,1.0,0,0.0,1.0,22,4060.0,-1.2375
795.0,21,2523.0,114.68181818181819,0.3249348163424822,0,0.0,1.0,4,790.0,0.0,0,0.0,1.0,0,0.0,1.0,1,13.0,0.0,16,3354.0,0.0,0,0.0,1.0,0,0.0,1.0,0,0.0,1.0,0,0.0,1.0,0,0.0,1.0,0,0.0,1.0,0,0.0,1.0,0,0.0,1.0,0,0.0,1.0,0,0.0,1.0,21,4157.0,-1.1812500000000001
800.0,21,2628.0,119.45454545454545,0.42057395832708855,0,0.0,1.0,4,810.0,0.0,0,0.0,1.0,0,0.0,1.0,1,18.0,0.0,16,3434.0,0.0,0,0.0,1.0,0,0.0,1.0,0,0.0,1.0,0,0.0,1.0,0,0.0,1.0,0,0.0,1.0,0,0.0,1.0,0,0.0,1.0,0,0.0,1.0,0,0.0,1.0,21,4262.0,-1.1812500000000001
805.0,21,2733.0,124.22727272727273,0.46225412483761497,0,0.0,1.0,4,830.0,0.0,0,0.0,1.0,0,0.0,1.0,1,23.0,0.0,16,3514.0,0.0,0,0.0,1.0,0,0.0,1.0,0,0.0,1.0,0,0.0,1.0,0,0.0,1.0,0,0.0,1.0,0,0.0,1.0,0,0.0,1.0,0,0.0,1.0,0,0.0,1.0,21,4367.0,-1.1812500000000001
810.0,21,2838.0,129.0,0.43706307272353195,0,0.0,1.0,4,850.0,0.0,0,0.0,1.0,0,0.0,1.0,1,28.0,0.0,16,3594.0,0.0,0,0.0,1.0,0,0.0,1.0,0,0.0,1.0,0,0.0,1.0,0,0.0,1.0,0,0.0,1.0,0,0.0,1.0,0,0.0,1.0,0,0.0,1.0,0,0.0,1.0,21,4472.0,-1.1812500000000001
815.0,21,2943.0,133.77272727272728,0.4445246118090207,0,0.0,1.0,4,870.0,0.0,0,0.0,1.0,0,0.0,1.0,1,33.0,0.0,16,3674.0,0.0,0,0.0,1.0,0,0.0,1.0,0,0.0,1.0,0,0.0,1.0,0,0.0,1.0,0,0.0,1.0,0,0.0,1.0,0,0.0,1.0,0,0.0,1.0,0,0.0,1.0,21,4577.0,-1.1812500000000001
820.0,20,3010.0,136.8181818181818,0.7110080977215015,0,0.0,1.0,4,890.0,0.0,0,0.0,1.0,0,0.0,1.0,0,0.0,1.0,16,3754.0,0.0,0,0.0,1.0,0,0.0,1.0,0,0.0,1.0,0,0.0,1.0,0,0.0,1.0,0,0.0,1.0,0,0.0,1.0,0,0.0,1.0,0,0.0,1.0,0,0.0,1.0,20,4644.0,-1.125
825.0,20,3110.0,148.0952380952381,0.49972898441175767,0,0.0,1.0,4,910.0,0.0,0,0.0,1.0,0,0.0,1.0,0,0.0,1.0,16,3834.0,0.0,0,0.0,1.0,0,0.0,1.0,0,2.0,0.9984535245777899,0,0.0,1.0,0,0.0,1.0,0,0.0,1.0,0,0.0,1.0,0,0.0,1.0,0,0.0,1.0,0,0.0,1.0,20,4746.0,-1.125
830.0,20,3210.0,152.85714285714286,0.4386928831110448,0,0.0,1.0,4,930.0,0.0,0,0.0,1.0,0,0.0,1.0,0,0.0,1.0,16,3914.0,0.0,0,0.0,1.0,0,0.0,1.0,0,2.0,0.8765040031948755,0,0.0,1.0,0,0.0,1.0,0,0.0,1.0,0,0.0,1.0,0,0.0,1.0,0,0.0,1.0,0,0.0,1.0,20,4846.0,-1.125
835.0,20,3310.0,157.61904761904762,0.22805480567494105,0,0.0,1.0,4,950.0,0.0,0,0.0,1.0,0,0.0,1.0,0,0.0,1.0,16,3994.0,0.0,0,0.0,1.0,0,0.0,1.0,0,2.0,0.45565122621630844,0,0.0,1.0,0,0.0,1.0,0,0.0,1.0,0,0.0,1.0,0,0.0,1.0,0,0.0,1.0,0,0.0,1.0,20,4946.0,-1.125
840.0,17,2974.0,141.61904761904762,0.8046726308381265,0,0.0,1.0,0,387.0,0.21619875225505325,0,0.0,1.0,0,0.0,1.0,0,0.0,1.0,16,4074.0,0.0,0,0.0,1.0,0,0.0,1.0,1,4.0,0.00025837050479568714,0,0.0,1.0,0,0.0,1.0,0,0.0,1.0,0,0.0,1.0,0,0.0,1.0,0,0.0,1.0,0,0.0,1.0,17,4465.0,-0.95625
845.0,17,3059.0,152.95,1.7681779421675228,0,4.0,0.9317940159195975,0,0.0,1.0,0,0.0,1.0,0,0.0,1.0,0,0.0,1.0,16,4154.0,0.0,0,0.0,1.0,0,0.0,1.0,1,9.0,0.0,0,0.0,1.0,0,0.0,1.0,0,0.0,1.0,0,0.0,1.0,0,0.0,1.0,0,0.0,1.0,0,0.0,1.0,17,4167.0,-0.95625
850.0,17,3144.0,157.2,1.7446110431081265,0,4.0,0.9200737830364109,0,0.0,1.0,0,0.0,1.0,0,0.0,1.0,0,0.0,1.0,16,4234.0,0.0,0,0.0,1.0,0,0.0,1.0,1,5.0,0.0,0,0.0,1.0,0,0.0,1.0,0,0.0,1.0,0,0.0,1.0,0,0.0,1.0,0,0.0,1.0,0,0.0,1.0,17,4243.0,-0.95625
855.0,17,3229.0,169.94736842105263,0.25164925475771616,0,2.0,0.17578963680882073,0,0.0,1.0,0,0.0,1.0,0,0.0,1.0,0,0.0,1.0,16,4314.0,0.0,0,0.0,1.0,0,0.0,1.0,1,10.0,0.0,0,0.0,1.0,0,0.0,1.0,0,0.0,1.0,0,0.0,1.0,0,0.0,1.0,0,0.0,1.0,0,0.0,1.0,17,4326.0,-0.95625
860.0,17,3314.0,174.42105263157896,0.6316283095565428,0,0.0,1.0,0,0.0,1.0,0,0.0,1.0,0,0.0,1.0,0,0.0,1.0,16,4394.0,0.0,0,0.0,1.0,0,0.0,1.0,1,15.0,0.0,0,0.0,1.0,0,0.0,1.0,0,0.0,1.0,0,0.0,1.0,0,0.0,1.0,0,0.0,1.0,0,0.0,1.0,17,4409.0,-0.95625
865.0,17,3399.0,178.89473684210526,1.329914925951137,0,0.0,1.0,0,0.0,1.0,0,0.0,1.0,0,0.0,1.0,0,1.0,0.9486462438526935,16,4474.0,0.0,0,0.0,1.0,0,0.0,1.0,1,20.0,0.0,0,0.0,1.0,0,0.0,1.0,0,0.0,1.0,0,0.0,1.0,0,0.0,1.0,0,0.0,1.0,0,0.0,1.0,17,4495.0,-0.95625
870.0,17,3484.0,183.3684210526316,1.2798589055061915,0,0.0,1.0,0,0.0,1.0,0,0.0,1.0,0,0.0,1.0,0,1.0,0.8945674285932844,16,4554.0,0.0,0,0.0,1.0,0,0.0,1.0,1,25.0,0.0,0,0.0,1.0,0,0.0,1.0,0,0.0,1.0,0,0.0,1.0,0,0.0,1.0,0,0.0,1.0,0,0.0,1.0,17,4580.0,-0.95625
875.0,10,2179.0,121.05555555555556,2.060408573996063,0,0.0,1.0,0,0.0,1.0,0,0.0,1.0,0,0.0,1.0,0,0.0,1.0,10,3884.0,0.03654324909822012,0,0.0,1.0,0,0.0,1.0,0,0.0,1.0,0,0.0,1.0,0,0.0,1.0,0,0.0,1.0,0,0.0,1.0,0,0.0,1.0,0,0.0,1.0,0,0.0,1.0,10,3884.0,-0.5625
880.0,0,0.0,0.0,6.307752149213613,0,0.0,1.0,0,2.0,0.9463474483409758,0,0.0,1.0,0,0.0,1.0,0,0.0,0.6976677023896652,0,2594.0,0.25284692603234094,0,2.0,0.9664613000060065,0,0.0,1.0,0,0.0,1.0,0,0.0,1.0,0,0.0,1.0,0,0.0,1.0,0,2.0,0.9973072594796838,0,0.0,1.0,0,0.0,1.0,0,0.0,1.0,0,2600.0,0.0
885.0,0,0.0,0.0,9.665890614350207,0,0.0,1.0,0,2.0,0.9440742541284433,0,0.0,1.0,0,0.0,1.0,0,0.0,0.9340458803054792,0,1454.0,0.5046582196026482,0,2.0,0.9393727418207239,0,0.0,1.0,0,0.0,1.0,0,0.0,1.0,0,0.0,1.0,0,0.0,1.0,0,2.0,0.9934635119487724,0,0.0,1.0,0,0.0,1.0,0,0.0,1.0,0,1460.0,0.0
890.0,6,15.0,1.25,2.954628751101719,0,0.0,1.0,0,2.0,0.4090029960356008,0,0.0,1.0,0,0.0,1.0,0,0.0,0.9972388949321909,5,1467.0,0.007470172658730515,1,4.0,0.0,0,0.0,1.0,0,0.0,1.0,0,0.0,1.0,0,0.0,1.0,0,0.0,1.0,0,0.0,1.0,0,0.0,1.0,0,0.0,1.0,0,0.0,1.0,6,1473.0,-0.3375
895.0,10,60.0,5.0,1.4669068450936067,0,0.0,1.0,3,12.0,0.00031000616355427823,0,0.0,1.0,0,0.0,1.0,0,0.0,1.0,6,1497.0,8.911984219909921e-06,1,9.0,0.0,0,0.0,1.0,0,0.0,1.0,0,0.0,1.0,0,0.0,1.0,0,0.0,1.0,0,0.0,1.0,0,0.0,0.9526630637168592,0,0.0,1.0,0,0.0,1.0,10,1518.0,-0.5625
900.0,7,85.0,7.083333333333333,3.0498960525368553,0,0.0,1.0,0,6.0,0.26152250623974893,0,2.0,0.4014854720001005,0,0.0,1.0,0,0.0,1.0,6,1527.0,0.0,1,14.0,0.0,0,0.0,1.0,0,0.0,0.901454034266379,0,0.0,1.0,0,0.0,1.0,0,0.0,1.0,0,0.0,1.0,0,0.0,0.8900747986976592,0,0.0,1.0,0,0.0,1.0,7,1549.0,-0.39375000000000004
905.0,7,120.0,10.909090909090908,4.111580744904564,0,2.0,0.9532450592230008,0,0.0,1.0,0,2.0,0.9747238082809647,0,0.0,1.0,0,0.0,1.0,6,1557.0,0.0,1,19.0,0.0,0,0.0,1.0,0,0.0,0.9145980171598584,0,0.0,1.0,0,0.0,1.0,0,0.0,1.0,0,0.0,1.0,0,0.0,0.967613441945689,0,0.0,1.0,0,0.0,1.0,7,1580.0,-0.39375000000000004
910.0,6,133.0,14.777777777777779,3.2405839011517252,0,2.0,0.9640254773370405,0,0.0,1.0,0,2.0,0.9698611248988951,0,0.0,1.0,0,0.0,1.0,6,1587.0,0.0,0,0.0,1.0,0,0.0,1.0,0,0.0,1.0,0,0.0,1.0,0,0.0,1.0,0,0.0,1.0,0,0.0,1.0,0,0.0,1.0,0,0.0,1.0,0,0.0,1.0,6,1591.0,-0.3375
915.0,6,163.0,23.285714285714285,1.7712768355455548,0,0.0,1.0,0,0.0,1.0,0,0.0,1.0,0,0.0,1.0,0,0.0,1.0,6,1617.0,0.0,0,0.0,1.0,0,2.0,0.9537900555037119,0,0.0,1.0,0,0.0,1.0,0,0.0,1.0,0,0.0,1.0,0,0.0,1.0,0,0.0,1.0,0,0.0,1.0,0,0.0,1.0,6,1619.0,-0.3375
920.0,0,0.0,0.0,4.408320812151638,0,0.0,1.0,0,0.0,1.0,0,0.0,1.0,0,0.0,1.0,0,0.0,1.0,0,1034.0,0.15532608673517578,0,0.0,1.0,0,2.0,0.9579369110718411,0,0.0,1.0,0,0.0,1.0,0,0.0,1.0,0,0.0,1.0,0,0.0,1.0,0,0.0,1.0,0,0.0,1.0,0,0.0,1.0,0,1036.0,0.0
925.0,0,0.0,0.0,11.998539615344805,0,0.0,1.0,0,2.0,0.9855277471315422,0,0.0,1.0,0,0.0,1.0,0,0.0,0.6665184003028164,0,0.0,1.0,0,2.0,0.8687924133373939,0,0.0,1.0,0,0.0,1.0,0,0.0,1.0,0,0.0,1.0,0,0.0,1.0,0,0.0,1.0,0,0.0,1.0,0,0.0,1.0,0,0.0,1.0,0,4.0,0.0
930.0,0,0.0,0.0,13.51581664131081,0,0.0,1.0,0,2.0,0.9050314050763543,0,0.0,1.0,0,0.0,1.0,0,0.0,0.9538184179798681,0,0.0,1.0,0,2.0,0.9669370657763015,0,0.0,1.0,0,0.0,1.0,0,0.0,1.0,0,0.0,1.0,0,0.0,1.0,0,0.0,1.0,0,0.0,1.0,0,0.0,1.0,0,0.0,1.0,0,4.0,0.0
935.0,1,1.0,1.0,0.0028729734708872077,0,0.0,1.0,1,3.0,0.00020416300750216853,0,0.0,1.0,0,0.0,1.0,0,0.0,1.0,0,0.0,1.0,0,0.0,1.0,0,0.0,1.0,0,0.0,1.0,0,0.0,1.0,0,0.0,1.0,0,0.0,1.0,0,0.0,1.0,0,0.0,1.0,0,0.0,1.0,0,0.0,1.0,1,3.0,-0.05625
940.0,1,6.0,6.0,0.0,0,0.0,1.0,1,8.0,0.0,0,0.0,1.0,0,0.0,1.0,0,0.0,1.0,0,0.0,1.0,0,0.0,1.0,0,0.0,1.0,0,0.0,1.0,0,0.0,1.0,0,0.0,1.0,0,0.0,1.0,0,0.0,1.0,0,0.0,1.0,0,0.0,1.0,0,0.0,1.0,1,8.0,-0.05625
945.0,1,11.0,11.0,0.0,0,0.0,1.0,1,13.0,0.0,0,0.0,1.0,0,0.0,1.0,0,0.0,1.0,0,0.0,1.0,0,0.0,1.0,0,0.0,1.0,0,0.0,1.0,0,0.0,1.0,0,0.0,1.0,0,0.0,1.0,0,0.0,1.0,0,0.0,1.0,0,0.0,1.0,0,0.0,1.0,1,13.0,-0.05625
950.0,1,16.0,16.0,0.0,0,0.0,1.0,1,18.0,0.0,0,0.0,1.0,0,0.0,1.0,0,0.0,1.0,0,0.0,1.0,0,0.0,1.0,0,0.0,1.0,0,0.0,1.0,0,0.0,1.0,0,0.0,1.0,0,0.0,1.0,0,0.0,1.0,0,0.0,1.0,0,0.0,1.0,0,0.0,1.0,1,18.0,-0.05625
955.0,1,21.0,21.0,0.0,0,0.0,1.0,1,23.0,0.0,0,0.0,1.0,0,0.0,1.0,0,0.0,1.0,0,0.0,1.0,0,0.0,1.0,0,0.0,1.0,0,0.0,1.0,0,0.0,1.0,0,0.0,1.0,0,0.0,1.0,0,0.0,1.0,0,0.0,1.0,0,0.0,1.0,0,0.0,1.0,1,23.0,-0.05625
960.0,0,0.0,0.0,6.2344195427605875,0,0.0,1.0,0,0.0,1.0,0,0.0,1.0,0,0.0,1.0,0,0.0,1.0,0,0.0,1.0,0,0.0,1.0,0,0.0,1.0,0,0.0,1.0,0,0.0,1.0,0,0.0,1.0,0,0.0,1.0,0,0.0,1.0,0,0.0,1.0,0,0.0,1.0,0,0.0,1.0,0,0.0,0.0
965.0,0,0.0,0.0,12.813943038823284,0,0.0,1.0,0,0.0,1.0,0,0.0,1.0,0,0.0,1.0,0,0.0,1.0,0,0.0,1.0,0,0.0,1.0,0,0.0,1.0,0,0.0,1.0,0,0.0,1.0,0,0.0,1.0,0,0.0,1.0,0,0.0,1.0,0,0.0,1.0,0,0.0,1.0,0,0.0,1.0,0,0.0,0.0
970.0,0,0.0,0.0,13.995435457339712,0,0.0,1.0,0,0.0,1.0,0,0.0,1.0,0,0.0,1.0,0,0.0,1.0,0,0.0,1.0,0,0.0,1.0,0,0.0,1.0,0,0.0,1.0,0,0.0,1.0,0,0.0,1.0,0,0.0,1.0,0,0.0,1.0,0,0.0,1.0,0,0.0,1.0,0,0.0,1.0,0,0.0,0.0
975.0,0,0.0,0.0,13.655573916703663,0,0.0,1.0,0,0.0,1.0,0,0.0,1.0,0,0.0,1.0,0,0.0,1.0,0,0.0,1.0,0,0.0,1.0,0,0.0,1.0,0,0.0,1.0,0,0.0,1.0,0,0.0,1.0,0,0.0,1.0,0,0.0,1.0,0,0.0,1.0,0,0.0,1.0,0,0.0,1.0,0,0.0,0.0
980.0,0,0.0,0.0,0.0,0,0.0,1.0,0,0.0,1.0,0,0.0,1.0,0,0.0,1.0,0,0.0,1.0,0,0.0,1.0,0,0.0,1.0,0,0.0,1.0,0,0.0,1.0,0,0.0,1.0,0,0.0,1.0,0,0.0,1.0,0,0.0,1.0,0,0.0,1.0,0,0.0,1.0,0,0.0,1.0,0,0.0,0.0
985.0,0,0.0,0.0,0.0,0,0.0,1.0,0,0.0,1.0,0,0.0,1.0,0,0.0,1.0,0,0.0,1.0,0,0.0,1.0,0,0.0,1.0,0,0.0,1.0,0,0.0,1.0,0,0.0,1.0,0,0.0,1.0,0,0.0,1.0,0,0.0,1.0,0,0.0,1.0,0,0.0,1.0,0,0.0,1.0,0,0.0,0.0
990.0,0,0.0,0.0,0.0,0,0.0,1.0,0,0.0,1.0,0,0.0,1.0,0,0.0,1.0,0,0.0,1.0,0,0.0,1.0,0,0.0,1.0,0,0.0,1.0,0,0.0,1.0,0,0.0,1.0,0,0.0,1.0,0,0.0,1.0,0,0.0,1.0,0,0.0,1.0,0,0.0,1.0,0,0.0,1.0,0,0.0,0.0
995.0,0,0.0,0.0,0.0,0,0.0,1.0,0,0.0,1.0,0,0.0,1.0,0,0.0,1.0,0,0.0,1.0,0,0.0,1.0,0,0.0,1.0,0,0.0,1.0,0,0.0,1.0,0,0.0,1.0,0,0.0,1.0,0,0.0,1.0,0,0.0,1.0,0,0.0,1.0,0,0.0,1.0,0,0.0,1.0,0,0.0,0.0
1000.0,0,0.0,0.0,0.0,0,0.0,1.0,0,0.0,1.0,0,0.0,1.0,0,0.0,1.0,0,0.0,1.0,0,0.0,1.0,0,0.0,1.0,0,0.0,1.0,0,0.0,1.0,0,0.0,1.0,0,0.0,1.0,0,0.0,1.0,0,0.0,1.0,0,0.0,1.0,0,0.0,1.0,0,0.0,1.0,0,0.0,0.0
1005.0,0,0.0,0.0,0.0,0,0.0,1.0,0,0.0,1.0,0,0.0,1.0,0,0.0,1.0,0,0.0,1.0,0,0.0,1.0,0,0.0,1.0,0,0.0,1.0,0,0.0,1.0,0,0.0,1.0,0,0.0,1.0,0,0.0,1.0,0,0.0,1.0,0,0.0,1.0,0,0.0,1.0,0,0.0,1.0,0,0.0,0.0
1010.0,0,0.0,0.0,0.0,0,0.0,1.0,0,0.0,1.0,0,0.0,1.0,0,0.0,1.0,0,0.0,1.0,0,0.0,1.0,0,0.0,1.0,0,0.0,1.0,0,0.0,1.0,0,0.0,1.0,0,0.0,1.0,0,0.0,1.0,0,0.0,1.0,0,0.0,1.0,0,0.0,1.0,0,0.0,1.0,0,0.0,0.0
1015.0,0,0.0,0.0,0.0,0,0.0,1.0,0,0.0,1.0,0,0.0,1.0,0,0.0,1.0,0,0.0,1.0,0,0.0,1.0,0,0.0,1.0,0,0.0,1.0,0,0.0,1.0,0,0.0,1.0,0,0.0,1.0,0,0.0,1.0,0,0.0,1.0,0,0.0,1.0,0,0.0,1.0,0,0.0,1.0,0,0.0,0.0
1020.0,0,0.0,0.0,0.0,0,0.0,1.0,0,0.0,1.0,0,0.0,1.0,0,0.0,1.0,0,0.0,1.0,0,0.0,1.0,0,0.0,1.0,0,0.0,1.0,0,0.0,1.0,0,0.0,1.0,0,0.0,1.0,0,0.0,1.0,0,0.0,1.0,0,0.0,1.0,0,0.0,1.0,0,0.0,1.0,0,0.0,0.0
1025.0,0,0.0,0.0,0.0,0,0.0,1.0,0,0.0,1.0,0,0.0,1.0,0,0.0,1.0,0,0.0,1.0,0,0.0,1.0,0,0.0,1.0,0,0.0,1.0,0,0.0,1.0,0,0.0,1.0,0,0.0,1.0,0,0.0,1.0,0,0.0,1.0,0,0.0,1.0,0,0.0,1.0,0,0.0,1.0,0,0.0,0.0
1030.0,0,0.0,0.0,0.0,0,0.0,1.0,0,0.0,1.0,0,0.0,1.0,0,0.0,1.0,0,0.0,1.0,0,0.0,1.0,0,0.0,1.0,0,0.0,1.0,0,0.0,1.0,0,0.0,1.0,0,0.0,1.0,0,0.0,1.0,0,0.0,1.0,0,0.0,1.0,0,0.0,1.0,0,0.0,1.0,0,0.0,0.0
1035.0,0,0.0,0.0,0.0,0,0.0,1.0,0,0.0,1.0,0,0.0,1.0,0,0.0,1.0,0,0.0,1.0,0,0.0,1.0,0,0.0,1.0,0,0.0,1.0,0,0.0,1.0,0,0.0,1.0,0,0.0,1.0,0,0.0,1.0,0,0.0,1.0,0,0.0,1.0,0,0.0,1.0,0,0.0,1.0,0,0.0,0.0
1040.0,0,0.0,0.0,0.0,0,0.0,1.0,0,0.0,1.0,0,0.0,1.0,0,0.0,1.0,0,0.0,1.0,0,0.0,1.0,0,0.0,1.0,0,0.0,1.0,0,0.0,1.0,0,0.0,1.0,0,0.0,1.0,0,0.0,1.0,0,0.0,1.0,0,0.0,1.0,0,0.0,1.0,0,0.0,1.0,0,0.0,0.0
1045.0,0,0.0,0.0,0.0,0,0.0,1.0,0,0.0,1.0,0,0.0,1.0,0,0.0,1.0,0,0.0,1.0,0,0.0,1.0,0,0.0,1.0,0,0.0,1.0,0,0.0,1.0,0,0.0,1.0,0,0.0,1.0,0,0.0,1.0,0,0.0,1.0,0,0.0,1.0,0,0.0,1.0,0,0.0,1.0,0,0.0,0.0
1050.0,0,0.0,0.0,0.0,0,0.0,1.0,0,0.0,1.0,0,0.0,1.0,0,0.0,1.0,0,0.0,1.0,0,0.0,1.0,0,0.0,1.0,0,0.0,1.0,0,0.0,1.0,0,0.0,1.0,0,0.0,1.0,0,0.0,1.0,0,0.0,1.0,0,0.0,1.0,0,0.0,1.0,0,0.0,1.0,0,0.0,0.0
1055.0,0,0.0,0.0,0.0,0,0.0,1.0,0,0.0,1.0,0,0.0,1.0,0,0.0,1.0,0,0.0,1.0,0,0.0,1.0,0,0.0,1.0,0,0.0,1.0,0,0.0,1.0,0,0.0,1.0,0,0.0,1.0,0,0.0,1.0,0,0.0,1.0,0,0.0,1.0,0,0.0,1.0,0,0.0,1.0,0,0.0,0.0
1060.0,0,0.0,0.0,0.0,0,0.0,1.0,0,0.0,1.0,0,0.0,1.0,0,0.0,1.0,0,0.0,1.0,0,0.0,1.0,0,0.0,1.0,0,0.0,1.0,0,0.0,1.0,0,0.0,1.0,0,0.0,1.0,0,0.0,1.0,0,0.0,1.0,0,0.0,1.0,0,0.0,1.0,0,0.0,1.0,0,0.0,0.0
1065.0,0,0.0,0.0,0.0,0,0.0,1.0,0,0.0,1.0,0,0.0,1.0,0,0.0,1.0,0,0.0,1.0,0,0.0,1.0,0,0.0,1.0,0,0.0,1.0,0,0.0,1.0,0,0.0,1.0,0,0.0,1.0,0,0.0,1.0,0,0.0,1.0,0,0.0,1.0,0,0.0,1.0,0,0.0,1.0,0,0.0,0.0
1070.0,0,0.0,0.0,0.0,0,0.0,1.0,0,0.0,1.0,0,0.0,1.0,0,0.0,1.0,0,0.0,1.0,0,0.0,1.0,0,0.0,1.0,0,0.0,1.0,0,0.0,1.0,0,0.0,1.0,0,0.0,1.0,0,0.0,1.0,0,0.0,1.0,0,0.0,1.0,0,0.0,1.0,0,0.0,1.0,0,0.0,0.0
1075.0,0,0.0,0.0,0.0,0,0.0,1.0,0,0.0,1.0,0,0.0,1.0,0,0.0,1.0,0,0.0,1.0,0,0.0,1.0,0,0.0,1.0,0,0.0,1.0,0,0.0,1.0,0,0.0,1.0,0,0.0,1.0,0,0.0,1.0,0,0.0,1.0,0,0.0,1.0,0,0.0,1.0,0,0.0,1.0,0,0.0,0.0
1080.0,0,0.0,0.0,0.0,0,0.0,1.0,0,0.0,1.0,0,0.0,1.0,0,0.0,1.0,0,0.0,1.0,0,0.0,1.0,0,0.0,1.0,0,0.0,1.0,0,0.0,1.0,0,0.0,1.0,0,0.0,1.0,0,0.0,1.0,0,0.0,1.0,0,0.0,1.0,0,0.0,1.0,0,0.0,1.0,0,0.0,0.0
1085.0,0,0.0,0.0,0.0,0,0.0,1.0,0,0.0,1.0,0,0.0,1.0,0,0.0,1.0,0,0.0,1.0,0,0.0,1.0,0,0.0,1.0,0,0.0,1.0,0,0.0,1.0,0,0.0,1.0,0,0.0,1.0,0,0.0,1.0,0,0.0,1.0,0,0.0,1.0,0,0.0,1.0,0,0.0,1.0,0,0.0,0.0
1090.0,0,0.0,0.0,0.0,0,0.0,1.0,0,0.0,1.0,0,0.0,1.0,0,0.0,1.0,0,0.0,1.0,0,0.0,1.0,0,0.0,1.0,0,0.0,1.0,0,0.0,1.0,0,0.0,1.0,0,0.0,1.0,0,0.0,1.0,0,0.0,1.0,0,0.0,1.0,0,0.0,1.0,0,0.0,1.0,0,0.0,0.0
1095.0,0,0.0,0.0,0.0,0,0.0,1.0,0,0.0,1.0,0,0.0,1.0,0,0.0,1.0,0,0.0,1.0,0,0.0,1.0,0,0.0,1.0,0,0.0,1.0,0,0.0,1.0,0,0.0,1.0,0,0.0,1.0,0,0.0,1.0,0,0.0,1.0,0,0.0,1.0,0,0.0,1.0,0,0.0,1.0,0,0.0,0.0
1100.0,0,0.0,0.0,0.0,0,0.0,1.0,0,0.0,1.0,0,0.0,1.0,0,0.0,1.0,0,0.0,1.0,0,0.0,1.0,0,0.0,1.0,0,0.0,1.0,0,0.0,1.0,0,0.0,1.0,0,0.0,1.0,0,0.0,1.0,0,0.0,1.0,0,0.0,1.0,0,0.0,1.0,0,0.0,1.0,0,0.0,0.0
1105.0,0,0.0,0.0,0.0,0,0.0,1.0,0,0.0,1.0,0,0.0,1.0,0,0.0,1.0,0,0.0,1.0,0,0.0,1.0,0,0.0,1.0,0,0.0,1.0,0,0.0,1.0,0,0.0,1.0,0,0.0,1.0,0,0.0,1.0,0,0.0,1.0,0,0.0,1.0,0,0.0,1.0,0,0.0,1.0,0,0.0,0.0
1110.0,0,0.0,0.0,0.0,0,0.0,1.0,0,0.0,1.0,0,0.0,1.0,0,0.0,1.0,0,0.0,1.0,0,0.0,1.0,0,0.0,1.0,0,0.0,1.0,0,0.0,1.0,0,0.0,1.0,0,0.0,1.0,0,0.0,1.0,0,0.0,1.0,0,0.0,1.0,0,0.0,1.0,0,0.0,1.0,0,0.0,0.0
1115.0,0,0.0,0.0,0.0,0,0.0,1.0,0,0.0,1.0,0,0.0,1.0,0,0.0,1.0,0,0.0,1.0,0,0.0,1.0,0,0.0,1.0,0,0.0,1.0,0,0.0,1.0,0,0.0,1.0,0,0.0,1.0,0,0.0,1.0,0,0.0,1.0,0,0.0,1.0,0,0.0,1.0,0,0.0,1.0,0,0.0,0.0
1120.0,0,0.0,0.0,0.0,0,0.0,1.0,0,0.0,1.0,0,0.0,1.0,0,0.0,1.0,0,0.0,1.0,0,0.0,1.0,0,0.0,1.0,0,0.0,1.0,0,0.0,1.0,0,0.0,1.0,0,0.0,1.0,0,0.0,1.0,0,0.0,1.0,0,0.0,1.0,0,0.0,1.0,0,0.0,1.0,0,0.0,0.0
1125.0,0,0.0,0.0,0.0,0,0.0,1.0,0,0.0,1.0,0,0.0,1.0,0,0.0,1.0,0,0.0,1.0,0,0.0,1.0,0,0.0,1.0,0,0.0,1.0,0,0.0,1.0,0,0.0,1.0,0,0.0,1.0,0,0.0,1.0,0,0.0,1.0,0,0.0,1.0,0,0.0,1.0,0,0.0,1.0,0,0.0,0.0
1130.0,0,0.0,0.0,0.0,0,0.0,1.0,0,0.0,1.0,0,0.0,1.0,0,0.0,1.0,0,0.0,1.0,0,0.0,1.0,0,0.0,1.0,0,0.0,1.0,0,0.0,1.0,0,0.0,1.0,0,0.0,1.0,0,0.0,1.0,0,0.0,1.0,0,0.0,1.0,0,0.0,1.0,0,0.0,1.0,0,0.0,0.0
1135.0,0,0.0,0.0,0.0,0,0.0,1.0,0,0.0,1.0,0,0.0,1.0,0,0.0,1.0,0,0.0,1.0,0,0.0,1.0,0,0.0,1.0,0,0.0,1.0,0,0.0,1.0,0,0.0,1.0,0,0.0,1.0,0,0.0,1.0,0,0.0,1.0,0,0.0,1.0,0,0.0,1.0,0,0.0,1.0,0,0.0,0.0
1140.0,0,0.0,0.0,0.0,0,0.0,1.0,0,0.0,1.0,0,0.0,1.0,0,0.0,1.0,0,0.0,1.0,0,0.0,1.0,0,0.0,1.0,0,0.0,1.0,0,0.0,1.0,0,0.0,1.0,0,0.0,1.0,0,0.0,1.0,0,0.0,1.0,0,0.0,1.0,0,0.0,1.0,0,0.0,1.0,0,0.0,0.0
1145.0,0,0.0,0.0,0.0,0,0.0,1.0,0,0.0,1.0,0,0.0,1.0,0,0.0,1.0,0,0.0,1.0,0,0.0,1.0,0,0.0,1.0,0,0.0,1.0,0,0.0,1.0,0,0.0,1.0,0,0.0,1.0,0,0.0,1.0,0,0.0,1.0,0,0.0,1.0,0,0.0,1.0,0,0.0,1.0,0,0.0,0.0
1150.0,0,0.0,0.0,0.0,0,0.0,1.0,0,0.0,1.0,0,0.0,1.0,0,0.0,1.0,0,0.0,1.0,0,0.0,1.0,0,0.0,1.0,0,0.0,1.0,0,0.0,1.0,0,0.0,1.0,0,0.0,1.0,0,0.0,1.0,0,0.0,1.0,0,0.0,1.0,0,0.0,1.0,0,0.0,1.0,0,0.0,0.0
1155.0,0,0.0,0.0,0.0,0,0.0,1.0,0,0.0,1.0,0,0.0,1.0,0,0.0,1.0,0,0.0,1.0,0,0.0,1.0,0,0.0,1.0,0,0.0,1.0,0,0.0,1.0,0,0.0,1.0,0,0.0,1.0,0,0.0,1.0,0,0.0,1.0,0,0.0,1.0,0,0.0,1.0,0,0.0,1.0,0,0.0,0.0
1160.0,0,0.0,0.0,0.0,0,0.0,1.0,0,0.0,1.0,0,0.0,1.0,0,0.0,1.0,0,0.0,1.0,0,0.0,1.0,0,0.0,1.0,0,0.0,1.0,0,0.0,1.0,0,0.0,1.0,0,0.0,1.0,0,0.0,1.0,0,0.0,1.0,0,0.0,1.0,0,0.0,1.0,0,0.0,1.0,0,0.0,0.0
1165.0,0,0.0,0.0,0.0,0,0.0,1.0,0,0.0,1.0,0,0.0,1.0,0,0.0,1.0,0,0.0,1.0,0,0.0,1.0,0,0.0,1.0,0,0.0,1.0,0,0.0,1.0,0,0.0,1.0,0,0.0,1.0,0,0.0,1.0,0,0.0,1.0,0,0.0,1.0,0,0.0,1.0,0,0.0,1.0,0,0.0,0.0
1170.0,0,0.0,0.0,0.0,0,0.0,1.0,0,0.0,1.0,0,0.0,1.0,0,0.0,1.0,0,0.0,1.0,0,0.0,1.0,0,0.0,1.0,0,0.0,1.0,0,0.0,1.0,0,0.0,1.0,0,0.0,1.0,0,0.0,1.0,0,0.0,1.0,0,0.0,1.0,0,0.0,1.0,0,0.0,1.0,0,0.0,0.0
1175.0,0,0.0,0.0,0.0,0,0.0,1.0,0,0.0,1.0,0,0.0,1.0,0,0.0,1.0,0,0.0,1.0,0,0.0,1.0,0,0.0,1.0,0,0.0,1.0,0,0.0,1.0,0,0.0,1.0,0,0.0,1.0,0,0.0,1.0,0,0.0,1.0,0,0.0,1.0,0,0.0,1.0,0,0.0,1.0,0,0.0,0.0
1180.0,0,0.0,0.0,0.0,0,0.0,1.0,0,0.0,1.0,0,0.0,1.0,0,0.0,1.0,0,0.0,1.0,0,0.0,1.0,0,0.0,1.0,0,0.0,1.0,0,0.0,1.0,0,0.0,1.0,0,0.0,1.0,0,0.0,1.0,0,0.0,1.0,0,0.0,1.0,0,0.0,1.0,0,0.0,1.0,0,0.0,0.0
1185.0,0,0.0,0.0,0.0,0,0.0,1.0,0,0.0,1.0,0,0.0,1.0,0,0.0,1.0,0,0.0,1.0,0,0.0,1.0,0,0.0,1.0,0,0.0,1.0,0,0.0,1.0,0,0.0,1.0,0,0.0,1.0,0,0.0,1.0,0,0.0,1.0,0,0.0,1.0,0,0.0,1.0,0,0.0,1.0,0,0.0,0.0
1190.0,0,0.0,0.0,0.0,0,0.0,1.0,0,0.0,1.0,0,0.0,1.0,0,0.0,1.0,0,0.0,1.0,0,0.0,1.0,0,0.0,1.0,0,0.0,1.0,0,0.0,1.0,0,0.0,1.0,0,0.0,1.0,0,0.0,1.0,0,0.0,1.0,0,0.0,1.0,0,0.0,1.0,0,0.0,1.0,0,0.0,0.0
1195.0,0,0.0,0.0,0.0,0,0.0,1.0,0,0.0,1.0,0,0.0,1.0,0,0.0,1.0,0,0.0,1.0,0,0.0,1.0,0,0.0,1.0,0,0.0,1.0,0,0.0,1.0,0,0.0,1.0,0,0.0,1.0,0,0.0,1.0,0,0.0,1.0,0,0.0,1.0,0,0.0,1.0,0,0.0,1.0,0,0.0,0.0
1200.0,0,0.0,0.0,0.0,0,0.0,1.0,0,0.0,1.0,0,0.0,1.0,0,0.0,1.0,0,0.0,1.0,0,0.0,1.0,0,0.0,1.0,0,0.0,1.0,0,0.0,1.0,0,0.0,1.0,0,0.0,1.0,0,0.0,1.0,0,0.0,1.0,0,0.0,1.0,0,0.0,1.0,0,0.0,1.0,0,0.0,0.0
1205.0,0,0.0,0.0,0.0,0,0.0,1.0,0,0.0,1.0,0,0.0,1.0,0,0.0,1.0,0,0.0,1.0,0,0.0,1.0,0,0.0,1.0,0,0.0,1.0,0,0.0,1.0,0,0.0,1.0,0,0.0,1.0,0,0.0,1.0,0,0.0,1.0,0,0.0,1.0,0,0.0,1.0,0,0.0,1.0,0,0.0,0.0
1210.0,0,0.0,0.0,0.0,0,0.0,1.0,0,0.0,1.0,0,0.0,1.0,0,0.0,1.0,0,0.0,1.0,0,0.0,1.0,0,0.0,1.0,0,0.0,1.0,0,0.0,1.0,0,0.0,1.0,0,0.0,1.0,0,0.0,1.0,0,0.0,1.0,0,0.0,1.0,0,0.0,1.0,0,0.0,1.0,0,0.0,0.0
1215.0,0,0.0,0.0,0.0,0,0.0,1.0,0,0.0,1.0,0,0.0,1.0,0,0.0,1.0,0,0.0,1.0,0,0.0,1.0,0,0.0,1.0,0,0.0,1.0,0,0.0,1.0,0,0.0,1.0,0,0.0,1.0,0,0.0,1.0,0,0.0,1.0,0,0.0,1.0,0,0.0,1.0,0,0.0,1.0,0,0.0,0.0
1220.0,0,0.0,0.0,0.0,0,0.0,1.0,0,0.0,1.0,0,0.0,1.0,0,0.0,1.0,0,0.0,1.0,0,0.0,1.0,0,0.0,1.0,0,0.0,1.0,0,0.0,1.0,0,0.0,1.0,0,0.0,1.0,0,0.0,1.0,0,0.0,1.0,0,0.0,1.0,0,0.0,1.0,0,0.0,1.0,0,0.0,0.0
1225.0,0,0.0,0.0,0.0,0,0.0,1.0,0,0.0,1.0,0,0.0,1.0,0,0.0,1.0,0,0.0,1.0,0,0.0,1.0,0,0.0,1.0,0,0.0,1.0,0,0.0,1.0,0,0.0,1.0,0,0.0,1.0,0,0.0,1.0,0,0.0,1.0,0,0.0,1.0,0,0.0,1.0,0,0.0,1.0,0,0.0,0.0
1230.0,0,0.0,0.0,0.0,0,0.0,1.0,0,0.0,1.0,0,0.0,1.0,0,0.0,1.0,0,0.0,1.0,0,0.0,1.0,0,0.0,1.0,0,0.0,1.0,0,0.0,1.0,0,0.0,1.0,0,0.0,1.0,0,0.0,1.0,0,0.0,1.0,0,0.0,1.0,0,0.0,1.0,0,0.0,1.0,0,0.0,0.0
1235.0,0,0.0,0.0,0.0,0,0.0,1.0,0,0.0,1.0,0,0.0,1.0,0,0.0,1.0,0,0.0,1.0,0,0.0,1.0,0,0.0,1.0,0,0.0,1.0,0,0.0,1.0,0,0.0,1.0,0,0.0,1.0,0,0.0,1.0,0,0.0,1.0,0,0.0,1.0,0,0.0,1.0,0,0.0,1.0,0,0.0,0.0
1240.0,0,0.0,0.0,0.0,0,0.0,1.0,0,0.0,1.0,0,0.0,1.0,0,0.0,1.0,0,0.0,1.0,0,0.0,1.0,0,0.0,1.0,0,0.0,1.0,0,0.0,1.0,0,0.0,1.0,0,0.0,1.0,0,0.0,1.0,0,0.0,1.0,0,0.0,1.0,0,0.0,1.0,0,0.0,1.0,0,0.0,0.0
1245.0,0,0.0,0.0,0.0,0,0.0,1.0,0,0.0,1.0,0,0.0,1.0,0,0.0,1.0,0,0.0,1.0,0,0.0,1.0,0,0.0,1.0,0,0.0,1.0,0,0.0,1.0,0,0.0,1.0,0,0.0,1.0,0,0.0,1.0,0,0.0,1.0,0,0.0,1.0,0,0.0,1.0,0,0.0,1.0,0,0.0,0.0
1250.0,0,0.0,0.0,0.0,0,0.0,1.0,0,0.0,1.0,0,0.0,1.0,0,0.0,1.0,0,0.0,1.0,0,0.0,1.0,0,0.0,1.0,0,0.0,1.0,0,0.0,1.0,0,0.0,1.0,0,0.0,1.0,0,0.0,1.0,0,0.0,1.0,0,0.0,1.0,0,0.0,1.0,0,0.0,1.0,0,0.0,0.0
1255.0,0,0.0,0.0,0.0,0,0.0,1.0,0,0.0,1.0,0,0.0,1.0,0,0.0,1.0,0,0.0,1.0,0,0.0,1.0,0,0.0,1.0,0,0.0,1.0,0,0.0,1.0,0,0.0,1.0,0,0.0,1.0,0,0.0,1.0,0,0.0,1.0,0,0.0,1.0,0,0.0,1.0,0,0.0,1.0,0,0.0,0.0
1260.0,0,0.0,0.0,0.0,0,0.0,1.0,0,0.0,1.0,0,0.0,1.0,0,0.0,1.0,0,0.0,1.0,0,0.0,1.0,0,0.0,1.0,0,0.0,1.0,0,0.0,1.0,0,0.0,1.0,0,0.0,1.0,0,0.0,1.0,0,0.0,1.0,0,0.0,1.0,0,0.0,1.0,0,0.0,1.0,0,0.0,0.0
1265.0,0,0.0,0.0,0.0,0,0.0,1.0,0,0.0,1.0,0,0.0,1.0,0,0.0,1.0,0,0.0,1.0,0,0.0,1.0,0,0.0,1.0,0,0.0,1.0,0,0.0,1.0,0,0.0,1.0,0,0.0,1.0,0,0.0,1.0,0,0.0,1.0,0,0.0,1.0,0,0.0,1.0,0,0.0,1.0,0,0.0,0.0
1270.0,0,0.0,0.0,0.0,0,0.0,1.0,0,0.0,1.0,0,0.0,1.0,0,0.0,1.0,0,0.0,1.0,0,0.0,1.0,0,0.0,1.0,0,0.0,1.0,0,0.0,1.0,0,0.0,1.0,0,0.0,1.0,0,0.0,1.0,0,0.0,1.0,0,0.0,1.0,0,0.0,1.0,0,0.0,1.0,0,0.0,0.0
1275.0,0,0.0,0.0,0.0,0,0.0,1.0,0,0.0,1.0,0,0.0,1.0,0,0.0,1.0,0,0.0,1.0,0,0.0,1.0,0,0.0,1.0,0,0.0,1.0,0,0.0,1.0,0,0.0,1.0,0,0.0,1.0,0,0.0,1.0,0,0.0,1.0,0,0.0,1.0,0,0.0,1.0,0,0.0,1.0,0,0.0,0.0
1280.0,0,0.0,0.0,0.0,0,0.0,1.0,0,0.0,1.0,0,0.0,1.0,0,0.0,1.0,0,0.0,1.0,0,0.0,1.0,0,0.0,1.0,0,0.0,1.0,0,0.0,1.0,0,0.0,1.0,0,0.0,1.0,0,0.0,1.0,0,0.0,1.0,0,0.0,1.0,0,0.0,1.0,0,0.0,1.0,0,0.0,0.0
1285.0,0,0.0,0.0,0.0,0,0.0,1.0,0,0.0,1.0,0,0.0,1.0,0,0.0,1.0,0,0.0,1.0,0,0.0,1.0,0,0.0,1.0,0,0.0,1.0,0,0.0,1.0,0,0.0,1.0,0,0.0,1.0,0,0.0,1.0,0,0.0,1.0,0,0.0,1.0,0,0.0,1.0,0,0.0,1.0,0,0.0,0.0
1290.0,0,0.0,0.0,0.0,0,0.0,1.0,0,0.0,1.0,0,0.0,1.0,0,0.0,1.0,0,0.0,1.0,0,0.0,1.0,0,0.0,1.0,0,0.0,1.0,0,0.0,1.0,0,0.0,1.0,0,0.0,1.0,0,0.0,1.0,0,0.0,1.0,0,0.0,1.0,0,0.0,1.0,0,0.0,1.0,0,0.0,0.0
1295.0,0,0.0,0.0,0.0,0,0.0,1.0,0,0.0,1.0,0,0.0,1.0,0,0.0,1.0,0,0.0,1.0,0,0.0,1.0,0,0.0,1.0,0,0.0,1.0,0,0.0,1.0,0,0.0,1.0,0,0.0,1.0,0,0.0,1.0,0,0.0,1.0,0,0.0,1.0,0,0.0,1.0,0,0.0,1.0,0,0.0,0.0
1300.0,0,0.0,0.0,0.0,0,0.0,1.0,0,0.0,1.0,0,0.0,1.0,0,0.0,1.0,0,0.0,1.0,0,0.0,1.0,0,0.0,1.0,0,0.0,1.0,0,0.0,1.0,0,0.0,1.0,0,0.0,1.0,0,0.0,1.0,0,0.0,1.0,0,0.0,1.0,0,0.0,1.0,0,0.0,1.0,0,0.0,0.0
1305.0,0,0.0,0.0,0.0,0,0.0,1.0,0,0.0,1.0,0,0.0,1.0,0,0.0,1.0,0,0.0,1.0,0,0.0,1.0,0,0.0,1.0,0,0.0,1.0,0,0.0,1.0,0,0.0,1.0,0,0.0,1.0,0,0.0,1.0,0,0.0,1.0,0,0.0,1.0,0,0.0,1.0,0,0.0,1.0,0,0.0,0.0
1310.0,0,0.0,0.0,0.0,0,0.0,1.0,0,0.0,1.0,0,0.0,1.0,0,0.0,1.0,0,0.0,1.0,0,0.0,1.0,0,0.0,1.0,0,0.0,1.0,0,0.0,1.0,0,0.0,1.0,0,0.0,1.0,0,0.0,1.0,0,0.0,1.0,0,0.0,1.0,0,0.0,1.0,0,0.0,1.0,0,0.0,0.0
1315.0,0,0.0,0.0,0.0,0,0.0,1.0,0,0.0,1.0,0,0.0,1.0,0,0.0,1.0,0,0.0,1.0,0,0.0,1.0,0,0.0,1.0,0,0.0,1.0,0,0.0,1.0,0,0.0,1.0,0,0.0,1.0,0,0.0,1.0,0,0.0,1.0,0,0.0,1.0,0,0.0,1.0,0,0.0,1.0,0,0.0,0.0
1320.0,0,0.0,0.0,0.0,0,0.0,1.0,0,0.0,1.0,0,0.0,1.0,0,0.0,1.0,0,0.0,1.0,0,0.0,1.0,0,0.0,1.0,0,0.0,1.0,0,0.0,1.0,0,0.0,1.0,0,0.0,1.0,0,0.0,1.0,0,0.0,1.0,0,0.0,1.0,0,0.0,1.0,0,0.0,1.0,0,0.0,0.0
1325.0,0,0.0,0.0,0.0,0,0.0,1.0,0,0.0,1.0,0,0.0,1.0,0,0.0,1.0,0,0.0,1.0,0,0.0,1.0,0,0.0,1.0,0,0.0,1.0,0,0.0,1.0,0,0.0,1.0,0,0.0,1.0,0,0.0,1.0,0,0.0,1.0,0,0.0,1.0,0,0.0,1.0,0,0.0,1.0,0,0.0,0.0
1330.0,0,0.0,0.0,0.0,0,0.0,1.0,0,0.0,1.0,0,0.0,1.0,0,0.0,1.0,0,0.0,1.0,0,0.0,1.0,0,0.0,1.0,0,0.0,1.0,0,0.0,1.0,0,0.0,1.0,0,0.0,1.0,0,0.0,1.0,0,0.0,1.0,0,0.0,1.0,0,0.0,1.0,0,0.0,1.0,0,0.0,0.0
1335.0,0,0.0,0.0,0.0,0,0.0,1.0,0,0.0,1.0,0,0.0,1.0,0,0.0,1.0,0,0.0,1.0,0,0.0,1.0,0,0.0,1.0,0,0.0,1.0,0,0.0,1.0,0,0.0,1.0,0,0.0,1.0,0,0.0,1.0,0,0.0,1.0,0,0.0,1.0,0,0.0,1.0,0,0.0,1.0,0,0.0,0.0
1340.0,0,0.0,0.0,0.0,0,0.0,1.0,0,0.0,1.0,0,0.0,1.0,0,0.0,1.0,0,0.0,1.0,0,0.0,1.0,0,0.0,1.0,0,0.0,1.0,0,0.0,1.0,0,0.0,1.0,0,0.0,1.0,0,0.0,1.0,0,0.0,1.0,0,0.0,1.0,0,0.0,1.0,0,0.0,1.0,0,0.0,0.0
1345.0,0,0.0,0.0,0.0,0,0.0,1.0,0,0.0,1.0,0,0.0,1.0,0,0.0,1.0,0,0.0,1.0,0,0.0,1.0,0,0.0,1.0,0,0.0,1.0,0,0.0,1.0,0,0.0,1.0,0,0.0,1.0,0,0.0,1.0,0,0.0,1.0,0,0.0,1.0,0,0.0,1.0,0,0.0,1.0,0,0.0,0.0
1350.0,0,0.0,0.0,0.0,0,0.0,1.0,0,0.0,1.0,0,0.0,1.0,0,0.0,1.0,0,0.0,1.0,0,0.0,1.0,0,0.0,1.0,0,0.0,1.0,0,0.0,1.0,0,0.0,1.0,0,0.0,1.0,0,0.0,1.0,0,0.0,1.0,0,0.0,1.0,0,0.0,1.0,0,0.0,1.0,0,0.0,0.0
1355.0,0,0.0,0.0,0.0,0,0.0,1.0,0,0.0,1.0,0,0.0,1.0,0,0.0,1.0,0,0.0,1.0,0,0.0,1.0,0,0.0,1.0,0,0.0,1.0,0,0.0,1.0,0,0.0,1.0,0,0.0,1.0,0,0.0,1.0,0,0.0,1.0,0,0.0,1.0,0,0.0,1.0,0,0.0,1.0,0,0.0,0.0
1360.0,0,0.0,0.0,0.0,0,0.0,1.0,0,0.0,1.0,0,0.0,1.0,0,0.0,1.0,0,0.0,1.0,0,0.0,1.0,0,0.0,1.0,0,0.0,1.0,0,0.0,1.0,0,0.0,1.0,0,0.0,1.0,0,0.0,1.0,0,0.0,1.0,0,0.0,1.0,0,0.0,1.0,0,0.0,1.0,0,0.0,0.0
1365.0,0,0.0,0.0,0.0,0,0.0,1.0,0,0.0,1.0,0,0.0,1.0,0,0.0,1.0,0,0.0,1.0,0,0.0,1.0,0,0.0,1.0,0,0.0,1.0,0,0.0,1.0,0,0.0,1.0,0,0.0,1.0,0,0.0,1.0,0,0.0,1.0,0,0.0,1.0,0,0.0,1.0,0,0.0,1.0,0,0.0,0.0
1370.0,0,0.0,0.0,0.0,0,0.0,1.0,0,0.0,1.0,0,0.0,1.0,0,0.0,1.0,0,0.0,1.0,0,0.0,1.0,0,0.0,1.0,0,0.0,1.0,0,0.0,1.0,0,0.0,1.0,0,0.0,1.0,0,0.0,1.0,0,0.0,1.0,0,0.0,1.0,0,0.0,1.0,0,0.0,1.0,0,0.0,0.0
1375.0,0,0.0,0.0,0.0,0,0.0,1.0,0,0.0,1.0,0,0.0,1.0,0,0.0,1.0,0,0.0,1.0,0,0.0,1.0,0,0.0,1.0,0,0.0,1.0,0,0.0,1.0,0,0.0,1.0,0,0.0,1.0,0,0.0,1.0,0,0.0,1.0,0,0.0,1.0,0,0.0,1.0,0,0.0,1.0,0,0.0,0.0
1380.0,0,0.0,0.0,0.0,0,0.0,1.0,0,0.0,1.0,0,0.0,1.0,0,0.0,1.0,0,0.0,1.0,0,0.0,1.0,0,0.0,1.0,0,0.0,1.0,0,0.0,1.0,0,0.0,1.0,0,0.0,1.0,0,0.0,1.0,0,0.0,1.0,0,0.0,1.0,0,0.0,1.0,0,0.0,1.0,0,0.0,0.0
1385.0,0,0.0,0.0,0.0,0,0.0,1.0,0,0.0,1.0,0,0.0,1.0,0,0.0,1.0,0,0.0,1.0,0,0.0,1.0,0,0.0,1.0,0,0.0,1.0,0,0.0,1.0,0,0.0,1.0,0,0.0,1.0,0,0.0,1.0,0,0.0,1.0,0,0.0,1.0,0,0.0,1.0,0,0.0,1.0,0,0.0,0.0
1390.0,0,0.0,0.0,0.0,0,0.0,1.0,0,0.0,1.0,0,0.0,1.0,0,0.0,1.0,0,0.0,1.0,0,0.0,1.0,0,0.0,1.0,0,0.0,1.0,0,0.0,1.0,0,0.0,1.0,0,0.0,1.0,0,0.0,1.0,0,0.0,1.0,0,0.0,1.0,0,0.0,1.0,0,0.0,1.0,0,0.0,0.0
1395.0,0,0.0,0.0,0.0,0,0.0,1.0,0,0.0,1.0,0,0.0,1.0,0,0.0,1.0,0,0.0,1.0,0,0.0,1.0,0,0.0,1.0,0,0.0,1.0,0,0.0,1.0,0,0.0,1.0,0,0.0,1.0,0,0.0,1.0,0,0.0,1.0,0,0.0,1.0,0,0.0,1.0,0,0.0,1.0,0,0.0,0.0
1400.0,0,0.0,0.0,0.0,0,0.0,1.0,0,0.0,1.0,0,0.0,1.0,0,0.0,1.0,0,0.0,1.0,0,0.0,1.0,0,0.0,1.0,0,0.0,1.0,0,0.0,1.0,0,0.0,1.0,0,0.0,1.0,0,0.0,1.0,0,0.0,1.0,0,0.0,1.0,0,0.0,1.0,0,0.0,1.0,0,0.0,0.0
1405.0,0,0.0,0.0,0.0,0,0.0,1.0,0,0.0,1.0,0,0.0,1.0,0,0.0,1.0,0,0.0,1.0,0,0.0,1.0,0,0.0,1.0,0,0.0,1.0,0,0.0,1.0,0,0.0,1.0,0,0.0,1.0,0,0.0,1.0,0,0.0,1.0,0,0.0,1.0,0,0.0,1.0,0,0.0,1.0,0,0.0,0.0
1410.0,0,0.0,0.0,0.0,0,0.0,1.0,0,0.0,1.0,0,0.0,1.0,0,0.0,1.0,0,0.0,1.0,0,0.0,1.0,0,0.0,1.0,0,0.0,1.0,0,0.0,1.0,0,0.0,1.0,0,0.0,1.0,0,0.0,1.0,0,0.0,1.0,0,0.0,1.0,0,0.0,1.0,0,0.0,1.0,0,0.0,0.0
1415.0,0,0.0,0.0,0.0,0,0.0,1.0,0,0.0,1.0,0,0.0,1.0,0,0.0,1.0,0,0.0,1.0,0,0.0,1.0,0,0.0,1.0,0,0.0,1.0,0,0.0,1.0,0,0.0,1.0,0,0.0,1.0,0,0.0,1.0,0,0.0,1.0,0,0.0,1.0,0,0.0,1.0,0,0.0,1.0,0,0.0,0.0
1420.0,0,0.0,0.0,0.0,0,0.0,1.0,0,0.0,1.0,0,0.0,1.0,0,0.0,1.0,0,0.0,1.0,0,0.0,1.0,0,0.0,1.0,0,0.0,1.0,0,0.0,1.0,0,0.0,1.0,0,0.0,1.0,0,0.0,1.0,0,0.0,1.0,0,0.0,1.0,0,0.0,1.0,0,0.0,1.0,0,0.0,0.0
1425.0,0,0.0,0.0,0.0,0,0.0,1.0,0,0.0,1.0,0,0.0,1.0,0,0.0,1.0,0,0.0,1.0,0,0.0,1.0,0,0.0,1.0,0,0.0,1.0,0,0.0,1.0,0,0.0,1.0,0,0.0,1.0,0,0.0,1.0,0,0.0,1.0,0,0.0,1.0,0,0.0,1.0,0,0.0,1.0,0,0.0,0.0
1430.0,0,0.0,0.0,0.0,0,0.0,1.0,0,0.0,1.0,0,0.0,1.0,0,0.0,1.0,0,0.0,1.0,0,0.0,1.0,0,0.0,1.0,0,0.0,1.0,0,0.0,1.0,0,0.0,1.0,0,0.0,1.0,0,0.0,1.0,0,0.0,1.0,0,0.0,1.0,0,0.0,1.0,0,0.0,1.0,0,0.0,0.0
1435.0,0,0.0,0.0,0.0,0,0.0,1.0,0,0.0,1.0,0,0.0,1.0,0,0.0,1.0,0,0.0,1.0,0,0.0,1.0,0,0.0,1.0,0,0.0,1.0,0,0.0,1.0,0,0.0,1.0,0,0.0,1.0,0,0.0,1.0,0,0.0,1.0,0,0.0,1.0,0,0.0,1.0,0,0.0,1.0,0,0.0,0.0
1440.0,0,0.0,0.0,0.0,0,0.0,1.0,0,0.0,1.0,0,0.0,1.0,0,0.0,1.0,0,0.0,1.0,0,0.0,1.0,0,0.0,1.0,0,0.0,1.0,0,0.0,1.0,0,0.0,1.0,0,0.0,1.0,0,0.0,1.0,0,0.0,1.0,0,0.0,1.0,0,0.0,1.0,0,0.0,1.0,0,0.0,0.0
1445.0,0,0.0,0.0,0.0,0,0.0,1.0,0,0.0,1.0,0,0.0,1.0,0,0.0,1.0,0,0.0,1.0,0,0.0,1.0,0,0.0,1.0,0,0.0,1.0,0,0.0,1.0,0,0.0,1.0,0,0.0,1.0,0,0.0,1.0,0,0.0,1.0,0,0.0,1.0,0,0.0,1.0,0,0.0,1.0,0,0.0,0.0
1450.0,0,0.0,0.0,0.0,0,0.0,1.0,0,0.0,1.0,0,0.0,1.0,0,0.0,1.0,0,0.0,1.0,0,0.0,1.0,0,0.0,1.0,0,0.0,1.0,0,0.0,1.0,0,0.0,1.0,0,0.0,1.0,0,0.0,1.0,0,0.0,1.0,0,0.0,1.0,0,0.0,1.0,0,0.0,1.0,0,0.0,0.0
1455.0,0,0.0,0.0,0.0,0,0.0,1.0,0,0.0,1.0,0,0.0,1.0,0,0.0,1.0,0,0.0,1.0,0,0.0,1.0,0,0.0,1.0,0,0.0,1.0,0,0.0,1.0,0,0.0,1.0,0,0.0,1.0,0,0.0,1.0,0,0.0,1.0,0,0.0,1.0,0,0.0,1.0,0,0.0,1.0,0,0.0,0.0
1460.0,0,0.0,0.0,0.0,0,0.0,1.0,0,0.0,1.0,0,0.0,1.0,0,0.0,1.0,0,0.0,1.0,0,0.0,1.0,0,0.0,1.0,0,0.0,1.0,0,0.0,1.0,0,0.0,1.0,0,0.0,1.0,0,0.0,1.0,0,0.0,1.0,0,0.0,1.0,0,0.0,1.0,0,0.0,1.0,0,0.0,0.0
1465.0,0,0.0,0.0,0.0,0,0.0,1.0,0,0.0,1.0,0,0.0,1.0,0,0.0,1.0,0,0.0,1.0,0,0.0,1.0,0,0.0,1.0,0,0.0,1.0,0,0.0,1.0,0,0.0,1.0,0,0.0,1.0,0,0.0,1.0,0,0.0,1.0,0,0.0,1.0,0,0.0,1.0,0,0.0,1.0,0,0.0,0.0
1470.0,0,0.0,0.0,0.0,0,0.0,1.0,0,0.0,1.0,0,0.0,1.0,0,0.0,1.0,0,0.0,1.0,0,0.0,1.0,0,0.0,1.0,0,0.0,1.0,0,0.0,1.0,0,0.0,1.0,0,0.0,1.0,0,0.0,1.0,0,0.0,1.0,0,0.0,1.0,0,0.0,1.0,0,0.0,1.0,0,0.0,0.0
1475.0,0,0.0,0.0,0.0,0,0.0,1.0,0,0.0,1.0,0,0.0,1.0,0,0.0,1.0,0,0.0,1.0,0,0.0,1.0,0,0.0,1.0,0,0.0,1.0,0,0.0,1.0,0,0.0,1.0,0,0.0,1.0,0,0.0,1.0,0,0.0,1.0,0,0.0,1.0,0,0.0,1.0,0,0.0,1.0,0,0.0,0.0
1480.0,0,0.0,0.0,0.0,0,0.0,1.0,0,0.0,1.0,0,0.0,1.0,0,0.0,1.0,0,0.0,1.0,0,0.0,1.0,0,0.0,1.0,0,0.0,1.0,0,0.0,1.0,0,0.0,1.0,0,0.0,1.0,0,0.0,1.0,0,0.0,1.0,0,0.0,1.0,0,0.0,1.0,0,0.0,1.0,0,0.0,0.0
1485.0,0,0.0,0.0,0.0,0,0.0,1.0,0,0.0,1.0,0,0.0,1.0,0,0.0,1.0,0,0.0,1.0,0,0.0,1.0,0,0.0,1.0,0,0.0,1.0,0,0.0,1.0,0,0.0,1.0,0,0.0,1.0,0,0.0,1.0,0,0.0,1.0,0,0.0,1.0,0,0.0,1.0,0,0.0,1.0,0,0.0,0.0
1490.0,0,0.0,0.0,0.0,0,0.0,1.0,0,0.0,1.0,0,0.0,1.0,0,0.0,1.0,0,0.0,1.0,0,0.0,1.0,0,0.0,1.0,0,0.0,1.0,0,0.0,1.0,0,0.0,1.0,0,0.0,1.0,0,0.0,1.0,0,0.0,1.0,0,0.0,1.0,0,0.0,1.0,0,0.0,1.0,0,0.0,0.0
1495.0,0,0.0,0.0,0.0,0,0.0,1.0,0,0.0,1.0,0,0.0,1.0,0,0.0,1.0,0,0.0,1.0,0,0.0,1.0,0,0.0,1.0,0,0.0,1.0,0,0.0,1.0,0,0.0,1.0,0,0.0,1.0,0,0.0,1.0,0,0.0,1.0,0,0.0,1.0,0,0.0,1.0,0,0.0,1.0,0,0.0,0.0
1500.0,0,0.0,0.0,0.0,0,0.0,1.0,0,0.0,1.0,0,0.0,1.0,0,0.0,1.0,0,0.0,1.0,0,0.0,1.0,0,0.0,1.0,0,0.0,1.0,0,0.0,1.0,0,0.0,1.0,0,0.0,1.0,0,0.0,1.0,0,0.0,1.0,0,0.0,1.0,0,0.0,1.0,0,0.0,1.0,0,0.0,0.0
1505.0,0,0.0,0.0,0.0,0,0.0,1.0,0,0.0,1.0,0,0.0,1.0,0,0.0,1.0,0,0.0,1.0,0,0.0,1.0,0,0.0,1.0,0,0.0,1.0,0,0.0,1.0,0,0.0,1.0,0,0.0,1.0,0,0.0,1.0,0,0.0,1.0,0,0.0,1.0,0,0.0,1.0,0,0.0,1.0,0,0.0,0.0
1510.0,0,0.0,0.0,0.0,0,0.0,1.0,0,0.0,1.0,0,0.0,1.0,0,0.0,1.0,0,0.0,1.0,0,0.0,1.0,0,0.0,1.0,0,0.0,1.0,0,0.0,1.0,0,0.0,1.0,0,0.0,1.0,0,0.0,1.0,0,0.0,1.0,0,0.0,1.0,0,0.0,1.0,0,0.0,1.0,0,0.0,0.0
1515.0,0,0.0,0.0,0.0,0,0.0,1.0,0,0.0,1.0,0,0.0,1.0,0,0.0,1.0,0,0.0,1.0,0,0.0,1.0,0,0.0,1.0,0,0.0,1.0,0,0.0,1.0,0,0.0,1.0,0,0.0,1.0,0,0.0,1.0,0,0.0,1.0,0,0.0,1.0,0,0.0,1.0,0,0.0,1.0,0,0.0,0.0
1520.0,0,0.0,0.0,0.0,0,0.0,1.0,0,0.0,1.0,0,0.0,1.0,0,0.0,1.0,0,0.0,1.0,0,0.0,1.0,0,0.0,1.0,0,0.0,1.0,0,0.0,1.0,0,0.0,1.0,0,0.0,1.0,0,0.0,1.0,0,0.0,1.0,0,0.0,1.0,0,0.0,1.0,0,0.0,1.0,0,0.0,0.0
1525.0,0,0.0,0.0,0.0,0,0.0,1.0,0,0.0,1.0,0,0.0,1.0,0,0.0,1.0,0,0.0,1.0,0,0.0,1.0,0,0.0,1.0,0,0.0,1.0,0,0.0,1.0,0,0.0,1.0,0,0.0,1.0,0,0.0,1.0,0,0.0,1.0,0,0.0,1.0,0,0.0,1.0,0,0.0,1.0,0,0.0,0.0
1530.0,0,0.0,0.0,0.0,0,0.0,1.0,0,0.0,1.0,0,0.0,1.0,0,0.0,1.0,0,0.0,1.0,0,0.0,1.0,0,0.0,1.0,0,0.0,1.0,0,0.0,1.0,0,0.0,1.0,0,0.0,1.0,0,0.0,1.0,0,0.0,1.0,0,0.0,1.0,0,0.0,1.0,0,0.0,1.0,0,0.0,0.0
1535.0,0,0.0,0.0,0.0,0,0.0,1.0,0,0.0,1.0,0,0.0,1.0,0,0.0,1.0,0,0.0,1.0,0,0.0,1.0,0,0.0,1.0,0,0.0,1.0,0,0.0,1.0,0,0.0,1.0,0,0.0,1.0,0,0.0,1.0,0,0.0,1.0,0,0.0,1.0,0,0.0,1.0,0,0.0,1.0,0,0.0,0.0
1540.0,0,0.0,0.0,0.0,0,0.0,1.0,0,0.0,1.0,0,0.0,1.0,0,0.0,1.0,0,0.0,1.0,0,0.0,1.0,0,0.0,1.0,0,0.0,1.0,0,0.0,1.0,0,0.0,1.0,0,0.0,1.0,0,0.0,1.0,0,0.0,1.0,0,0.0,1.0,0,0.0,1.0,0,0.0,1.0,0,0.0,0.0
1545.0,0,0.0,0.0,0.0,0,0.0,1.0,0,0.0,1.0,0,0.0,1.0,0,0.0,1.0,0,0.0,1.0,0,0.0,1.0,0,0.0,1.0,0,0.0,1.0,0,0.0,1.0,0,0.0,1.0,0,0.0,1.0,0,0.0,1.0,0,0.0,1.0,0,0.0,1.0,0,0.0,1.0,0,0.0,1.0,0,0.0,0.0
1550.0,0,0.0,0.0,0.0,0,0.0,1.0,0,0.0,1.0,0,0.0,1.0,0,0.0,1.0,0,0.0,1.0,0,0.0,1.0,0,0.0,1.0,0,0.0,1.0,0,0.0,1.0,0,0.0,1.0,0,0.0,1.0,0,0.0,1.0,0,0.0,1.0,0,0.0,1.0,0,0.0,1.0,0,0.0,1.0,0,0.0,0.0
1555.0,0,0.0,0.0,0.0,0,0.0,1.0,0,0.0,1.0,0,0.0,1.0,0,0.0,1.0,0,0.0,1.0,0,0.0,1.0,0,0.0,1.0,0,0.0,1.0,0,0.0,1.0,0,0.0,1.0,0,0.0,1.0,0,0.0,1.0,0,0.0,1.0,0,0.0,1.0,0,0.0,1.0,0,0.0,1.0,0,0.0,0.0
1560.0,0,0.0,0.0,0.0,0,0.0,1.0,0,0.0,1.0,0,0.0,1.0,0,0.0,1.0,0,0.0,1.0,0,0.0,1.0,0,0.0,1.0,0,0.0,1.0,0,0.0,1.0,0,0.0,1.0,0,0.0,1.0,0,0.0,1.0,0,0.0,1.0,0,0.0,1.0,0,0.0,1.0,0,0.0,1.0,0,0.0,0.0
1565.0,0,0.0,0.0,0.0,0,0.0,1.0,0,0.0,1.0,0,0.0,1.0,0,0.0,1.0,0,0.0,1.0,0,0.0,1.0,0,0.0,1.0,0,0.0,1.0,0,0.0,1.0,0,0.0,1.0,0,0.0,1.0,0,0.0,1.0,0,0.0,1.0,0,0.0,1.0,0,0.0,1.0,0,0.0,1.0,0,0.0,0.0
1570.0,0,0.0,0.0,0.0,0,0.0,1.0,0,0.0,1.0,0,0.0,1.0,0,0.0,1.0,0,0.0,1.0,0,0.0,1.0,0,0.0,1.0,0,0.0,1.0,0,0.0,1.0,0,0.0,1.0,0,0.0,1.0,0,0.0,1.0,0,0.0,1.0,0,0.0,1.0,0,0.0,1.0,0,0.0,1.0,0,0.0,0.0
1575.0,0,0.0,0.0,0.0,0,0.0,1.0,0,0.0,1.0,0,0.0,1.0,0,0.0,1.0,0,0.0,1.0,0,0.0,1.0,0,0.0,1.0,0,0.0,1.0,0,0.0,1.0,0,0.0,1.0,0,0.0,1.0,0,0.0,1.0,0,0.0,1.0,0,0.0,1.0,0,0.0,1.0,0,0.0,1.0,0,0.0,0.0
1580.0,0,0.0,0.0,0.0,0,0.0,1.0,0,0.0,1.0,0,0.0,1.0,0,0.0,1.0,0,0.0,1.0,0,0.0,1.0,0,0.0,1.0,0,0.0,1.0,0,0.0,1.0,0,0.0,1.0,0,0.0,1.0,0,0.0,1.0,0,0.0,1.0,0,0.0,1.0,0,0.0,1.0,0,0.0,1.0,0,0.0,0.0
1585.0,0,0.0,0.0,0.0,0,0.0,1.0,0,0.0,1.0,0,0.0,1.0,0,0.0,1.0,0,0.0,1.0,0,0.0,1.0,0,0.0,1.0,0,0.0,1.0,0,0.0,1.0,0,0.0,1.0,0,0.0,1.0,0,0.0,1.0,0,0.0,1.0,0,0.0,1.0,0,0.0,1.0,0,0.0,1.0,0,0.0,0.0
1590.0,0,0.0,0.0,0.0,0,0.0,1.0,0,0.0,1.0,0,0.0,1.0,0,0.0,1.0,0,0.0,1.0,0,0.0,1.0,0,0.0,1.0,0,0.0,1.0,0,0.0,1.0,0,0.0,1.0,0,0.0,1.0,0,0.0,1.0,0,0.0,1.0,0,0.0,1.0,0,0.0,1.0,0,0.0,1.0,0,0.0,0.0
1595.0,0,0.0,0.0,0.0,0,0.0,1.0,0,0.0,1.0,0,0.0,1.0,0,0.0,1.0,0,0.0,1.0,0,0.0,1.0,0,0.0,1.0,0,0.0,1.0,0,0.0,1.0,0,0.0,1.0,0,0.0,1.0,0,0.0,1.0,0,0.0,1.0,0,0.0,1.0,0,0.0,1.0,0,0.0,1.0,0,0.0,0.0
1600.0,0,0.0,0.0,0.0,0,0.0,1.0,0,0.0,1.0,0,0.0,1.0,0,0.0,1.0,0,0.0,1.0,0,0.0,1.0,0,0.0,1.0,0,0.0,1.0,0,0.0,1.0,0,0.0,1.0,0,0.0,1.0,0,0.0,1.0,0,0.0,1.0,0,0.0,1.0,0,0.0,1.0,0,0.0,1.0,0,0.0,0.0
1605.0,0,0.0,0.0,0.0,0,0.0,1.0,0,0.0,1.0,0,0.0,1.0,0,0.0,1.0,0,0.0,1.0,0,0.0,1.0,0,0.0,1.0,0,0.0,1.0,0,0.0,1.0,0,0.0,1.0,0,0.0,1.0,0,0.0,1.0,0,0.0,1.0,0,0.0,1.0,0,0.0,1.0,0,0.0,1.0,0,0.0,0.0
1610.0,0,0.0,0.0,0.0,0,0.0,1.0,0,0.0,1.0,0,0.0,1.0,0,0.0,1.0,0,0.0,1.0,0,0.0,1.0,0,0.0,1.0,0,0.0,1.0,0,0.0,1.0,0,0.0,1.0,0,0.0,1.0,0,0.0,1.0,0,0.0,1.0,0,0.0,1.0,0,0.0,1.0,0,0.0,1.0,0,0.0,0.0
1615.0,0,0.0,0.0,0.0,0,0.0,1.0,0,0.0,1.0,0,0.0,1.0,0,0.0,1.0,0,0.0,1.0,0,0.0,1.0,0,0.0,1.0,0,0.0,1.0,0,0.0,1.0,0,0.0,1.0,0,0.0,1.0,0,0.0,1.0,0,0.0,1.0,0,0.0,1.0,0,0.0,1.0,0,0.0,1.0,0,0.0,0.0
1620.0,0,0.0,0.0,0.0,0,0.0,1.0,0,0.0,1.0,0,0.0,1.0,0,0.0,1.0,0,0.0,1.0,0,0.0,1.0,0,0.0,1.0,0,0.0,1.0,0,0.0,1.0,0,0.0,1.0,0,0.0,1.0,0,0.0,1.0,0,0.0,1.0,0,0.0,1.0,0,0.0,1.0,0,0.0,1.0,0,0.0,0.0
1625.0,0,0.0,0.0,0.0,0,0.0,1.0,0,0.0,1.0,0,0.0,1.0,0,0.0,1.0,0,0.0,1.0,0,0.0,1.0,0,0.0,1.0,0,0.0,1.0,0,0.0,1.0,0,0.0,1.0,0,0.0,1.0,0,0.0,1.0,0,0.0,1.0,0,0.0,1.0,0,0.0,1.0,0,0.0,1.0,0,0.0,0.0
1630.0,0,0.0,0.0,0.0,0,0.0,1.0,0,0.0,1.0,0,0.0,1.0,0,0.0,1.0,0,0.0,1.0,0,0.0,1.0,0,0.0,1.0,0,0.0,1.0,0,0.0,1.0,0,0.0,1.0,0,0.0,1.0,0,0.0,1.0,0,0.0,1.0,0,0.0,1.0,0,0.0,1.0,0,0.0,1.0,0,0.0,0.0
1635.0,0,0.0,0.0,0.0,0,0.0,1.0,0,0.0,1.0,0,0.0,1.0,0,0.0,1.0,0,0.0,1.0,0,0.0,1.0,0,0.0,1.0,0,0.0,1.0,0,0.0,1.0,0,0.0,1.0,0,0.0,1.0,0,0.0,1.0,0,0.0,1.0,0,0.0,1.0,0,0.0,1.0,0,0.0,1.0,0,0.0,0.0
1640.0,0,0.0,0.0,0.0,0,0.0,1.0,0,0.0,1.0,0,0.0,1.0,0,0.0,1.0,0,0.0,1.0,0,0.0,1.0,0,0.0,1.0,0,0.0,1.0,0,0.0,1.0,0,0.0,1.0,0,0.0,1.0,0,0.0,1.0,0,0.0,1.0,0,0.0,1.0,0,0.0,1.0,0,0.0,1.0,0,0.0,0.0
1645.0,0,0.0,0.0,0.0,0,0.0,1.0,0,0.0,1.0,0,0.0,1.0,0,0.0,1.0,0,0.0,1.0,0,0.0,1.0,0,0.0,1.0,0,0.0,1.0,0,0.0,1.0,0,0.0,1.0,0,0.0,1.0,0,0.0,1.0,0,0.0,1.0,0,0.0,1.0,0,0.0,1.0,0,0.0,1.0,0,0.0,0.0
1650.0,0,0.0,0.0,0.0,0,0.0,1.0,0,0.0,1.0,0,0.0,1.0,0,0.0,1.0,0,0.0,1.0,0,0.0,1.0,0,0.0,1.0,0,0.0,1.0,0,0.0,1.0,0,0.0,1.0,0,0.0,1.0,0,0.0,1.0,0,0.0,1.0,0,0.0,1.0,0,0.0,1.0,0,0.0,1.0,0,0.0,0.0
1655.0,0,0.0,0.0,0.0,0,0.0,1.0,0,0.0,1.0,0,0.0,1.0,0,0.0,1.0,0,0.0,1.0,0,0.0,1.0,0,0.0,1.0,0,0.0,1.0,0,0.0,1.0,0,0.0,1.0,0,0.0,1.0,0,0.0,1.0,0,0.0,1.0,0,0.0,1.0,0,0.0,1.0,0,0.0,1.0,0,0.0,0.0
1660.0,0,0.0,0.0,0.0,0,0.0,1.0,0,0.0,1.0,0,0.0,1.0,0,0.0,1.0,0,0.0,1.0,0,0.0,1.0,0,0.0,1.0,0,0.0,1.0,0,0.0,1.0,0,0.0,1.0,0,0.0,1.0,0,0.0,1.0,0,0.0,1.0,0,0.0,1.0,0,0.0,1.0,0,0.0,1.0,0,0.0,0.0
1665.0,0,0.0,0.0,0.0,0,0.0,1.0,0,0.0,1.0,0,0.0,1.0,0,0.0,1.0,0,0.0,1.0,0,0.0,1.0,0,0.0,1.0,0,0.0,1.0,0,0.0,1.0,0,0.0,1.0,0,0.0,1.0,0,0.0,1.0,0,0.0,1.0,0,0.0,1.0,0,0.0,1.0,0,0.0,1.0,0,0.0,0.0
1670.0,0,0.0,0.0,0.0,0,0.0,1.0,0,0.0,1.0,0,0.0,1.0,0,0.0,1.0,0,0.0,1.0,0,0.0,1.0,0,0.0,1.0,0,0.0,1.0,0,0.0,1.0,0,0.0,1.0,0,0.0,1.0,0,0.0,1.0,0,0.0,1.0,0,0.0,1.0,0,0.0,1.0,0,0.0,1.0,0,0.0,0.0
1675.0,0,0.0,0.0,0.0,0,0.0,1.0,0,0.0,1.0,0,0.0,1.0,0,0.0,1.0,0,0.0,1.0,0,0.0,1.0,0,0.0,1.0,0,0.0,1.0,0,0.0,1.0,0,0.0,1.0,0,0.0,1.0,0,0.0,1.0,0,0.0,1.0,0,0.0,1.0,0,0.0,1.0,0,0.0,1.0,0,0.0,0.0
1680.0,0,0.0,0.0,0.0,0,0.0,1.0,0,0.0,1.0,0,0.0,1.0,0,0.0,1.0,0,0.0,1.0,0,0.0,1.0,0,0.0,1.0,0,0.0,1.0,0,0.0,1.0,0,0.0,1.0,0,0.0,1.0,0,0.0,1.0,0,0.0,1.0,0,0.0,1.0,0,0.0,1.0,0,0.0,1.0,0,0.0,0.0
1685.0,0,0.0,0.0,0.0,0,0.0,1.0,0,0.0,1.0,0,0.0,1.0,0,0.0,1.0,0,0.0,1.0,0,0.0,1.0,0,0.0,1.0,0,0.0,1.0,0,0.0,1.0,0,0.0,1.0,0,0.0,1.0,0,0.0,1.0,0,0.0,1.0,0,0.0,1.0,0,0.0,1.0,0,0.0,1.0,0,0.0,0.0
1690.0,0,0.0,0.0,0.0,0,0.0,1.0,0,0.0,1.0,0,0.0,1.0,0,0.0,1.0,0,0.0,1.0,0,0.0,1.0,0,0.0,1.0,0,0.0,1.0,0,0.0,1.0,0,0.0,1.0,0,0.0,1.0,0,0.0,1.0,0,0.0,1.0,0,0.0,1.0,0,0.0,1.0,0,0.0,1.0,0,0.0,0.0
1695.0,0,0.0,0.0,0.0,0,0.0,1.0,0,0.0,1.0,0,0.0,1.0,0,0.0,1.0,0,0.0,1.0,0,0.0,1.0,0,0.0,1.0,0,0.0,1.0,0,0.0,1.0,0,0.0,1.0,0,0.0,1.0,0,0.0,1.0,0,0.0,1.0,0,0.0,1.0,0,0.0,1.0,0,0.0,1.0,0,0.0,0.0
1700.0,0,0.0,0.0,0.0,0,0.0,1.0,0,0.0,1.0,0,0.0,1.0,0,0.0,1.0,0,0.0,1.0,0,0.0,1.0,0,0.0,1.0,0,0.0,1.0,0,0.0,1.0,0,0.0,1.0,0,0.0,1.0,0,0.0,1.0,0,0.0,1.0,0,0.0,1.0,0,0.0,1.0,0,0.0,1.0,0,0.0,0.0
1705.0,0,0.0,0.0,0.0,0,0.0,1.0,0,0.0,1.0,0,0.0,1.0,0,0.0,1.0,0,0.0,1.0,0,0.0,1.0,0,0.0,1.0,0,0.0,1.0,0,0.0,1.0,0,0.0,1.0,0,0.0,1.0,0,0.0,1.0,0,0.0,1.0,0,0.0,1.0,0,0.0,1.0,0,0.0,1.0,0,0.0,0.0
1710.0,0,0.0,0.0,0.0,0,0.0,1.0,0,0.0,1.0,0,0.0,1.0,0,0.0,1.0,0,0.0,1.0,0,0.0,1.0,0,0.0,1.0,0,0.0,1.0,0,0.0,1.0,0,0.0,1.0,0,0.0,1.0,0,0.0,1.0,0,0.0,1.0,0,0.0,1.0,0,0.0,1.0,0,0.0,1.0,0,0.0,0.0
1715.0,0,0.0,0.0,0.0,0,0.0,1.0,0,0.0,1.0,0,0.0,1.0,0,0.0,1.0,0,0.0,1.0,0,0.0,1.0,0,0.0,1.0,0,0.0,1.0,0,0.0,1.0,0,0.0,1.0,0,0.0,1.0,0,0.0,1.0,0,0.0,1.0,0,0.0,1.0,0,0.0,1.0,0,0.0,1.0,0,0.0,0.0
1720.0,0,0.0,0.0,0.0,0,0.0,1.0,0,0.0,1.0,0,0.0,1.0,0,0.0,1.0,0,0.0,1.0,0,0.0,1.0,0,0.0,1.0,0,0.0,1.0,0,0.0,1.0,0,0.0,1.0,0,0.0,1.0,0,0.0,1.0,0,0.0,1.0,0,0.0,1.0,0,0.0,1.0,0,0.0,1.0,0,0.0,0.0
1725.0,0,0.0,0.0,0.0,0,0.0,1.0,0,0.0,1.0,0,0.0,1.0,0,0.0,1.0,0,0.0,1.0,0,0.0,1.0,0,0.0,1.0,0,0.0,1.0,0,0.0,1.0,0,0.0,1.0,0,0.0,1.0,0,0.0,1.0,0,0.0,1.0,0,0.0,1.0,0,0.0,1.0,0,0.0,1.0,0,0.0,0.0
1730.0,0,0.0,0.0,0.0,0,0.0,1.0,0,0.0,1.0,0,0.0,1.0,0,0.0,1.0,0,0.0,1.0,0,0.0,1.0,0,0.0,1.0,0,0.0,1.0,0,0.0,1.0,0,0.0,1.0,0,0.0,1.0,0,0.0,1.0,0,0.0,1.0,0,0.0,1.0,0,0.0,1.0,0,0.0,1.0,0,0.0,0.0
1735.0,0,0.0,0.0,0.0,0,0.0,1.0,0,0.0,1.0,0,0.0,1.0,0,0.0,1.0,0,0.0,1.0,0,0.0,1.0,0,0.0,1.0,0,0.0,1.0,0,0.0,1.0,0,0.0,1.0,0,0.0,1.0,0,0.0,1.0,0,0.0,1.0,0,0.0,1.0,0,0.0,1.0,0,0.0,1.0,0,0.0,0.0
1740.0,0,0.0,0.0,0.0,0,0.0,1.0,0,0.0,1.0,0,0.0,1.0,0,0.0,1.0,0,0.0,1.0,0,0.0,1.0,0,0.0,1.0,0,0.0,1.0,0,0.0,1.0,0,0.0,1.0,0,0.0,1.0,0,0.0,1.0,0,0.0,1.0,0,0.0,1.0,0,0.0,1.0,0,0.0,1.0,0,0.0,0.0
1745.0,0,0.0,0.0,0.0,0,0.0,1.0,0,0.0,1.0,0,0.0,1.0,0,0.0,1.0,0,0.0,1.0,0,0.0,1.0,0,0.0,1.0,0,0.0,1.0,0,0.0,1.0,0,0.0,1.0,0,0.0,1.0,0,0.0,1.0,0,0.0,1.0,0,0.0,1.0,0,0.0,1.0,0,0.0,1.0,0,0.0,0.0
1750.0,0,0.0,0.0,0.0,0,0.0,1.0,0,0.0,1.0,0,0.0,1.0,0,0.0,1.0,0,0.0,1.0,0,0.0,1.0,0,0.0,1.0,0,0.0,1.0,0,0.0,1.0,0,0.0,1.0,0,0.0,1.0,0,0.0,1.0,0,0.0,1.0,0,0.0,1.0,0,0.0,1.0,0,0.0,1.0,0,0.0,0.0
1755.0,0,0.0,0.0,0.0,0,0.0,1.0,0,0.0,1.0,0,0.0,1.0,0,0.0,1.0,0,0.0,1.0,0,0.0,1.0,0,0.0,1.0,0,0.0,1.0,0,0.0,1.0,0,0.0,1.0,0,0.0,1.0,0,0.0,1.0,0,0.0,1.0,0,0.0,1.0,0,0.0,1.0,0,0.0,1.0,0,0.0,0.0
1760.0,0,0.0,0.0,0.0,0,0.0,1.0,0,0.0,1.0,0,0.0,1.0,0,0.0,1.0,0,0.0,1.0,0,0.0,1.0,0,0.0,1.0,0,0.0,1.0,0,0.0,1.0,0,0.0,1.0,0,0.0,1.0,0,0.0,1.0,0,0.0,1.0,0,0.0,1.0,0,0.0,1.0,0,0.0,1.0,0,0.0,0.0
1765.0,0,0.0,0.0,0.0,0,0.0,1.0,0,0.0,1.0,0,0.0,1.0,0,0.0,1.0,0,0.0,1.0,0,0.0,1.0,0,0.0,1.0,0,0.0,1.0,0,0.0,1.0,0,0.0,1.0,0,0.0,1.0,0,0.0,1.0,0,0.0,1.0,0,0.0,1.0,0,0.0,1.0,0,0.0,1.0,0,0.0,0.0
1770.0,0,0.0,0.0,0.0,0,0.0,1.0,0,0.0,1.0,0,0.0,1.0,0,0.0,1.0,0,0.0,1.0,0,0.0,1.0,0,0.0,1.0,0,0.0,1.0,0,0.0,1.0,0,0.0,1.0,0,0.0,1.0,0,0.0,1.0,0,0.0,1.0,0,0.0,1.0,0,0.0,1.0,0,0.0,1.0,0,0.0,0.0
1775.0,0,0.0,0.0,0.0,0,0.0,1.0,0,0.0,1.0,0,0.0,1.0,0,0.0,1.0,0,0.0,1.0,0,0.0,1.0,0,0.0,1.0,0,0.0,1.0,0,0.0,1.0,0,0.0,1.0,0,0.0,1.0,0,0.0,1.0,0,0.0,1.0,0,0.0,1.0,0,0.0,1.0,0,0.0,1.0,0,0.0,0.0
1780.0,0,0.0,0.0,0.0,0,0.0,1.0,0,0.0,1.0,0,0.0,1.0,0,0.0,1.0,0,0.0,1.0,0,0.0,1.0,0,0.0,1.0,0,0.0,1.0,0,0.0,1.0,0,0.0,1.0,0,0.0,1.0,0,0.0,1.0,0,0.0,1.0,0,0.0,1.0,0,0.0,1.0,0,0.0,1.0,0,0.0,0.0
1785.0,0,0.0,0.0,0.0,0,0.0,1.0,0,0.0,1.0,0,0.0,1.0,0,0.0,1.0,0,0.0,1.0,0,0.0,1.0,0,0.0,1.0,0,0.0,1.0,0,0.0,1.0,0,0.0,1.0,0,0.0,1.0,0,0.0,1.0,0,0.0,1.0,0,0.0,1.0,0,0.0,1.0,0,0.0,1.0,0,0.0,0.0
1790.0,0,0.0,0.0,0.0,0,0.0,1.0,0,0.0,1.0,0,0.0,1.0,0,0.0,1.0,0,0.0,1.0,0,0.0,1.0,0,0.0,1.0,0,0.0,1.0,0,0.0,1.0,0,0.0,1.0,0,0.0,1.0,0,0.0,1.0,0,0.0,1.0,0,0.0,1.0,0,0.0,1.0,0,0.0,1.0,0,0.0,0.0
1795.0,0,0.0,0.0,0.0,0,0.0,1.0,0,0.0,1.0,0,0.0,1.0,0,0.0,1.0,0,0.0,1.0,0,0.0,1.0,0,0.0,1.0,0,0.0,1.0,0,0.0,1.0,0,0.0,1.0,0,0.0,1.0,0,0.0,1.0,0,0.0,1.0,0,0.0,1.0,0,0.0,1.0,0,0.0,1.0,0,0.0,0.0
1800.0,0,0.0,0.0,0.0,0,0.0,1.0,0,0.0,1.0,0,0.0,1.0,0,0.0,1.0,0,0.0,1.0,0,0.0,1.0,0,0.0,1.0,0,0.0,1.0,0,0.0,1.0,0,0.0,1.0,0,0.0,1.0,0,0.0,1.0,0,0.0,1.0,0,0.0,1.0,0,0.0,1.0,0,0.0,1.0,0,0.0,0.0
1805.0,0,0.0,0.0,0.0,0,0.0,1.0,0,0.0,1.0,0,0.0,1.0,0,0.0,1.0,0,0.0,1.0,0,0.0,1.0,0,0.0,1.0,0,0.0,1.0,0,0.0,1.0,0,0.0,1.0,0,0.0,1.0,0,0.0,1.0,0,0.0,1.0,0,0.0,1.0,0,0.0,1.0,0,0.0,1.0,0,0.0,0.0
1810.0,0,0.0,0.0,0.0,0,0.0,1.0,0,0.0,1.0,0,0.0,1.0,0,0.0,1.0,0,0.0,1.0,0,0.0,1.0,0,0.0,1.0,0,0.0,1.0,0,0.0,1.0,0,0.0,1.0,0,0.0,1.0,0,0.0,1.0,0,0.0,1.0,0,0.0,1.0,0,0.0,1.0,0,0.0,1.0,0,0.0,0.0
1815.0,0,0.0,0.0,0.0,0,0.0,1.0,0,0.0,1.0,0,0.0,1.0,0,0.0,1.0,0,0.0,1.0,0,0.0,1.0,0,0.0,1.0,0,0.0,1.0,0,0.0,1.0,0,0.0,1.0,0,0.0,1.0,0,0.0,1.0,0,0.0,1.0,0,0.0,1.0,0,0.0,1.0,0,0.0,1.0,0,0.0,0.0
1820.0,0,0.0,0.0,0.0,0,0.0,1.0,0,0.0,1.0,0,0.0,1.0,0,0.0,1.0,0,0.0,1.0,0,0.0,1.0,0,0.0,1.0,0,0.0,1.0,0,0.0,1.0,0,0.0,1.0,0,0.0,1.0,0,0.0,1.0,0,0.0,1.0,0,0.0,1.0,0,0.0,1.0,0,0.0,1.0,0,0.0,0.0
1825.0,0,0.0,0.0,0.0,0,0.0,1.0,0,0.0,1.0,0,0.0,1.0,0,0.0,1.0,0,0.0,1.0,0,0.0,1.0,0,0.0,1.0,0,0.0,1.0,0,0.0,1.0,0,0.0,1.0,0,0.0,1.0,0,0.0,1.0,0,0.0,1.0,0,0.0,1.0,0,0.0,1.0,0,0.0,1.0,0,0.0,0.0
1830.0,0,0.0,0.0,0.0,0,0.0,1.0,0,0.0,1.0,0,0.0,1.0,0,0.0,1.0,0,0.0,1.0,0,0.0,1.0,0,0.0,1.0,0,0.0,1.0,0,0.0,1.0,0,0.0,1.0,0,0.0,1.0,0,0.0,1.0,0,0.0,1.0,0,0.0,1.0,0,0.0,1.0,0,0.0,1.0,0,0.0,0.0
1835.0,0,0.0,0.0,0.0,0,0.0,1.0,0,0.0,1.0,0,0.0,1.0,0,0.0,1.0,0,0.0,1.0,0,0.0,1.0,0,0.0,1.0,0,0.0,1.0,0,0.0,1.0,0,0.0,1.0,0,0.0,1.0,0,0.0,1.0,0,0.0,1.0,0,0.0,1.0,0,0.0,1.0,0,0.0,1.0,0,0.0,0.0
1840.0,0,0.0,0.0,0.0,0,0.0,1.0,0,0.0,1.0,0,0.0,1.0,0,0.0,1.0,0,0.0,1.0,0,0.0,1.0,0,0.0,1.0,0,0.0,1.0,0,0.0,1.0,0,0.0,1.0,0,0.0,1.0,0,0.0,1.0,0,0.0,1.0,0,0.0,1.0,0,0.0,1.0,0,0.0,1.0,0,0.0,0.0
1845.0,0,0.0,0.0,0.0,0,0.0,1.0,0,0.0,1.0,0,0.0,1.0,0,0.0,1.0,0,0.0,1.0,0,0.0,1.0,0,0.0,1.0,0,0.0,1.0,0,0.0,1.0,0,0.0,1.0,0,0.0,1.0,0,0.0,1.0,0,0.0,1.0,0,0.0,1.0,0,0.0,1.0,0,0.0,1.0,0,0.0,0.0
1850.0,0,0.0,0.0,0.0,0,0.0,1.0,0,0.0,1.0,0,0.0,1.0,0,0.0,1.0,0,0.0,1.0,0,0.0,1.0,0,0.0,1.0,0,0.0,1.0,0,0.0,1.0,0,0.0,1.0,0,0.0,1.0,0,0.0,1.0,0,0.0,1.0,0,0.0,1.0,0,0.0,1.0,0,0.0,1.0,0,0.0,0.0
1855.0,0,0.0,0.0,0.0,0,0.0,1.0,0,0.0,1.0,0,0.0,1.0,0,0.0,1.0,0,0.0,1.0,0,0.0,1.0,0,0.0,1.0,0,0.0,1.0,0,0.0,1.0,0,0.0,1.0,0,0.0,1.0,0,0.0,1.0,0,0.0,1.0,0,0.0,1.0,0,0.0,1.0,0,0.0,1.0,0,0.0,0.0
1860.0,0,0.0,0.0,0.0,0,0.0,1.0,0,0.0,1.0,0,0.0,1.0,0,0.0,1.0,0,0.0,1.0,0,0.0,1.0,0,0.0,1.0,0,0.0,1.0,0,0.0,1.0,0,0.0,1.0,0,0.0,1.0,0,0.0,1.0,0,0.0,1.0,0,0.0,1.0,0,0.0,1.0,0,0.0,1.0,0,0.0,0.0
1865.0,0,0.0,0.0,0.0,0,0.0,1.0,0,0.0,1.0,0,0.0,1.0,0,0.0,1.0,0,0.0,1.0,0,0.0,1.0,0,0.0,1.0,0,0.0,1.0,0,0.0,1.0,0,0.0,1.0,0,0.0,1.0,0,0.0,1.0,0,0.0,1.0,0,0.0,1.0,0,0.0,1.0,0,0.0,1.0,0,0.0,0.0
1870.0,0,0.0,0.0,0.0,0,0.0,1.0,0,0.0,1.0,0,0.0,1.0,0,0.0,1.0,0,0.0,1.0,0,0.0,1.0,0,0.0,1.0,0,0.0,1.0,0,0.0,1.0,0,0.0,1.0,0,0.0,1.0,0,0.0,1.0,0,0.0,1.0,0,0.0,1.0,0,0.0,1.0,0,0.0,1.0,0,0.0,0.0
1875.0,0,0.0,0.0,0.0,0,0.0,1.0,0,0.0,1.0,0,0.0,1.0,0,0.0,1.0,0,0.0,1.0,0,0.0,1.0,0,0.0,1.0,0,0.0,1.0,0,0.0,1.0,0,0.0,1.0,0,0.0,1.0,0,0.0,1.0,0,0.0,1.0,0,0.0,1.0,0,0.0,1.0,0,0.0,1.0,0,0.0,0.0
1880.0,0,0.0,0.0,0.0,0,0.0,1.0,0,0.0,1.0,0,0.0,1.0,0,0.0,1.0,0,0.0,1.0,0,0.0,1.0,0,0.0,1.0,0,0.0,1.0,0,0.0,1.0,0,0.0,1.0,0,0.0,1.0,0,0.0,1.0,0,0.0,1.0,0,0.0,1.0,0,0.0,1.0,0,0.0,1.0,0,0.0,0.0
1885.0,0,0.0,0.0,0.0,0,0.0,1.0,0,0.0,1.0,0,0.0,1.0,0,0.0,1.0,0,0.0,1.0,0,0.0,1.0,0,0.0,1.0,0,0.0,1.0,0,0.0,1.0,0,0.0,1.0,0,0.0,1.0,0,0.0,1.0,0,0.0,1.0,0,0.0,1.0,0,0.0,1.0,0,0.0,1.0,0,0.0,0.0
1890.0,0,0.0,0.0,0.0,0,0.0,1.0,0,0.0,1.0,0,0.0,1.0,0,0.0,1.0,0,0.0,1.0,0,0.0,1.0,0,0.0,1.0,0,0.0,1.0,0,0.0,1.0,0,0.0,1.0,0,0.0,1.0,0,0.0,1.0,0,0.0,1.0,0,0.0,1.0,0,0.0,1.0,0,0.0,1.0,0,0.0,0.0
1895.0,0,0.0,0.0,0.0,0,0.0,1.0,0,0.0,1.0,0,0.0,1.0,0,0.0,1.0,0,0.0,1.0,0,0.0,1.0,0,0.0,1.0,0,0.0,1.0,0,0.0,1.0,0,0.0,1.0,0,0.0,1.0,0,0.0,1.0,0,0.0,1.0,0,0.0,1.0,0,0.0,1.0,0,0.0,1.0,0,0.0,0.0
1900.0,0,0.0,0.0,0.0,0,0.0,1.0,0,0.0,1.0,0,0.0,1.0,0,0.0,1.0,0,0.0,1.0,0,0.0,1.0,0,0.0,1.0,0,0.0,1.0,0,0.0,1.0,0,0.0,1.0,0,0.0,1.0,0,0.0,1.0,0,0.0,1.0,0,0.0,1.0,0,0.0,1.0,0,0.0,1.0,0,0.0,0.0
1905.0,0,0.0,0.0,0.0,0,0.0,1.0,0,0.0,1.0,0,0.0,1.0,0,0.0,1.0,0,0.0,1.0,0,0.0,1.0,0,0.0,1.0,0,0.0,1.0,0,0.0,1.0,0,0.0,1.0,0,0.0,1.0,0,0.0,1.0,0,0.0,1.0,0,0.0,1.0,0,0.0,1.0,0,0.0,1.0,0,0.0,0.0
1910.0,0,0.0,0.0,0.0,0,0.0,1.0,0,0.0,1.0,0,0.0,1.0,0,0.0,1.0,0,0.0,1.0,0,0.0,1.0,0,0.0,1.0,0,0.0,1.0,0,0.0,1.0,0,0.0,1.0,0,0.0,1.0,0,0.0,1.0,0,0.0,1.0,0,0.0,1.0,0,0.0,1.0,0,0.0,1.0,0,0.0,0.0
1915.0,0,0.0,0.0,0.0,0,0.0,1.0,0,0.0,1.0,0,0.0,1.0,0,0.0,1.0,0,0.0,1.0,0,0.0,1.0,0,0.0,1.0,0,0.0,1.0,0,0.0,1.0,0,0.0,1.0,0,0.0,1.0,0,0.0,1.0,0,0.0,1.0,0,0.0,1.0,0,0.0,1.0,0,0.0,1.0,0,0.0,0.0
1920.0,0,0.0,0.0,0.0,0,0.0,1.0,0,0.0,1.0,0,0.0,1.0,0,0.0,1.0,0,0.0,1.0,0,0.0,1.0,0,0.0,1.0,0,0.0,1.0,0,0.0,1.0,0,0.0,1.0,0,0.0,1.0,0,0.0,1.0,0,0.0,1.0,0,0.0,1.0,0,0.0,1.0,0,0.0,1.0,0,0.0,0.0
1925.0,0,0.0,0.0,0.0,0,0.0,1.0,0,0.0,1.0,0,0.0,1.0,0,0.0,1.0,0,0.0,1.0,0,0.0,1.0,0,0.0,1.0,0,0.0,1.0,0,0.0,1.0,0,0.0,1.0,0,0.0,1.0,0,0.0,1.0,0,0.0,1.0,0,0.0,1.0,0,0.0,1.0,0,0.0,1.0,0,0.0,0.0
1930.0,0,0.0,0.0,0.0,0,0.0,1.0,0,0.0,1.0,0,0.0,1.0,0,0.0,1.0,0,0.0,1.0,0,0.0,1.0,0,0.0,1.0,0,0.0,1.0,0,0.0,1.0,0,0.0,1.0,0,0.0,1.0,0,0.0,1.0,0,0.0,1.0,0,0.0,1.0,0,0.0,1.0,0,0.0,1.0,0,0.0,0.0
1935.0,0,0.0,0.0,0.0,0,0.0,1.0,0,0.0,1.0,0,0.0,1.0,0,0.0,1.0,0,0.0,1.0,0,0.0,1.0,0,0.0,1.0,0,0.0,1.0,0,0.0,1.0,0,0.0,1.0,0,0.0,1.0,0,0.0,1.0,0,0.0,1.0,0,0.0,1.0,0,0.0,1.0,0,0.0,1.0,0,0.0,0.0
1940.0,0,0.0,0.0,0.0,0,0.0,1.0,0,0.0,1.0,0,0.0,1.0,0,0.0,1.0,0,0.0,1.0,0,0.0,1.0,0,0.0,1.0,0,0.0,1.0,0,0.0,1.0,0,0.0,1.0,0,0.0,1.0,0,0.0,1.0,0,0.0,1.0,0,0.0,1.0,0,0.0,1.0,0,0.0,1.0,0,0.0,0.0
1945.0,0,0.0,0.0,0.0,0,0.0,1.0,0,0.0,1.0,0,0.0,1.0,0,0.0,1.0,0,0.0,1.0,0,0.0,1.0,0,0.0,1.0,0,0.0,1.0,0,0.0,1.0,0,0.0,1.0,0,0.0,1.0,0,0.0,1.0,0,0.0,1.0,0,0.0,1.0,0,0.0,1.0,0,0.0,1.0,0,0.0,0.0
1950.0,0,0.0,0.0,0.0,0,0.0,1.0,0,0.0,1.0,0,0.0,1.0,0,0.0,1.0,0,0.0,1.0,0,0.0,1.0,0,0.0,1.0,0,0.0,1.0,0,0.0,1.0,0,0.0,1.0,0,0.0,1.0,0,0.0,1.0,0,0.0,1.0,0,0.0,1.0,0,0.0,1.0,0,0.0,1.0,0,0.0,0.0
1955.0,0,0.0,0.0,0.0,0,0.0,1.0,0,0.0,1.0,0,0.0,1.0,0,0.0,1.0,0,0.0,1.0,0,0.0,1.0,0,0.0,1.0,0,0.0,1.0,0,0.0,1.0,0,0.0,1.0,0,0.0,1.0,0,0.0,1.0,0,0.0,1.0,0,0.0,1.0,0,0.0,1.0,0,0.0,1.0,0,0.0,0.0
1960.0,0,0.0,0.0,0.0,0,0.0,1.0,0,0.0,1.0,0,0.0,1.0,0,0.0,1.0,0,0.0,1.0,0,0.0,1.0,0,0.0,1.0,0,0.0,1.0,0,0.0,1.0,0,0.0,1.0,0,0.0,1.0,0,0.0,1.0,0,0.0,1.0,0,0.0,1.0,0,0.0,1.0,0,0.0,1.0,0,0.0,0.0
1965.0,0,0.0,0.0,0.0,0,0.0,1.0,0,0.0,1.0,0,0.0,1.0,0,0.0,1.0,0,0.0,1.0,0,0.0,1.0,0,0.0,1.0,0,0.0,1.0,0,0.0,1.0,0,0.0,1.0,0,0.0,1.0,0,0.0,1.0,0,0.0,1.0,0,0.0,1.0,0,0.0,1.0,0,0.0,1.0,0,0.0,0.0
1970.0,0,0.0,0.0,0.0,0,0.0,1.0,0,0.0,1.0,0,0.0,1.0,0,0.0,1.0,0,0.0,1.0,0,0.0,1.0,0,0.0,1.0,0,0.0,1.0,0,0.0,1.0,0,0.0,1.0,0,0.0,1.0,0,0.0,1.0,0,0.0,1.0,0,0.0,1.0,0,0.0,1.0,0,0.0,1.0,0,0.0,0.0
1975.0,0,0.0,0.0,0.0,0,0.0,1.0,0,0.0,1.0,0,0.0,1.0,0,0.0,1.0,0,0.0,1.0,0,0.0,1.0,0,0.0,1.0,0,0.0,1.0,0,0.0,1.0,0,0.0,1.0,0,0.0,1.0,0,0.0,1.0,0,0.0,1.0,0,0.0,1.0,0,0.0,1.0,0,0.0,1.0,0,0.0,0.0
1980.0,0,0.0,0.0,0.0,0,0.0,1.0,0,0.0,1.0,0,0.0,1.0,0,0.0,1.0,0,0.0,1.0,0,0.0,1.0,0,0.0,1.0,0,0.0,1.0,0,0.0,1.0,0,0.0,1.0,0,0.0,1.0,0,0.0,1.0,0,0.0,1.0,0,0.0,1.0,0,0.0,1.0,0,0.0,1.0,0,0.0,0.0
1985.0,0,0.0,0.0,0.0,0,0.0,1.0,0,0.0,1.0,0,0.0,1.0,0,0.0,1.0,0,0.0,1.0,0,0.0,1.0,0,0.0,1.0,0,0.0,1.0,0,0.0,1.0,0,0.0,1.0,0,0.0,1.0,0,0.0,1.0,0,0.0,1.0,0,0.0,1.0,0,0.0,1.0,0,0.0,1.0,0,0.0,0.0
1990.0,0,0.0,0.0,0.0,0,0.0,1.0,0,0.0,1.0,0,0.0,1.0,0,0.0,1.0,0,0.0,1.0,0,0.0,1.0,0,0.0,1.0,0,0.0,1.0,0,0.0,1.0,0,0.0,1.0,0,0.0,1.0,0,0.0,1.0,0,0.0,1.0,0,0.0,1.0,0,0.0,1.0,0,0.0,1.0,0,0.0,0.0
1995.0,0,0.0,0.0,0.0,0,0.0,1.0,0,0.0,1.0,0,0.0,1.0,0,0.0,1.0,0,0.0,1.0,0,0.0,1.0,0,0.0,1.0,0,0.0,1.0,0,0.0,1.0,0,0.0,1.0,0,0.0,1.0,0,0.0,1.0,0,0.0,1.0,0,0.0,1.0,0,0.0,1.0,0,0.0,1.0,0,0.0,0.0
2000.0,0,0.0,0.0,0.0,0,0.0,1.0,0,0.0,1.0,0,0.0,1.0,0,0.0,1.0,0,0.0,1.0,0,0.0,1.0,0,0.0,1.0,0,0.0,1.0,0,0.0,1.0,0,0.0,1.0,0,0.0,1.0,0,0.0,1.0,0,0.0,1.0,0,0.0,1.0,0,0.0,1.0,0,0.0,1.0,0,0.0,0.0
